2024-03-20 15:34:27.055 | tput: No value for $TERM and no -T specified
2024-03-20 15:34:27.055 | tput: No value for $TERM and no -T specified
2024-03-20 15:34:27.055 | +./stack.sh:main:516                       exec
2024-03-20 15:34:27.055 | tput: No value for $TERM and no -T specified
2024-03-20 15:34:27.055 | tput: No value for $TERM and no -T specified
2024-03-20 15:34:27.055 | tput: No value for $TERM and no -T specified
2024-03-20 15:34:27.055 | +./stack.sh:main:524                       echo_summary 'stack.sh log /tmp/devstack_logs/devstacklog.txt.2024-03-20-153426'
2024-03-20 15:34:27.055 | tput: No value for $TERM and no -T specified
2024-03-20 15:34:27.055 | ++./stack.sh:main:516                       /opt/stack/devstack/tools/outfilter.py -o /tmp/devstack_logs/devstacklog.txt.2024-03-20-153426.summary.2024-03-20-153426
2024-03-20 15:34:27.055 | tput: No value for $TERM and no -T specified
2024-03-20 15:34:27.055 | tput: No value for $TERM and no -T specified
2024-03-20 15:34:27.055 | +./stack.sh:echo_summary:468               [[ -t 3 ]]
2024-03-20 15:34:27.055 | tput: No value for $TERM and no -T specified
2024-03-20 15:34:27.055 | tput: No value for $TERM and no -T specified
2024-03-20 15:34:27.055 | +./stack.sh:echo_summary:474               echo -e stack.sh log /tmp/devstack_logs/devstacklog.txt.2024-03-20-153426
2024-03-20 15:34:27.055 | tput: No value for $TERM and no -T specified
2024-03-20 15:34:27.055 | tput: No value for $TERM and no -T specified
2024-03-20 15:34:27.055 | +./stack.sh:main:526                       ln -sf /tmp/devstack_logs/devstacklog.txt.2024-03-20-153426 /tmp/devstack_logs/devstacklog.txt
2024-03-20 15:34:27.055 | tput: No value for $TERM and no -T specified
2024-03-20 15:34:27.055 | tput: No value for $TERM and no -T specified
2024-03-20 15:34:27.055 | +./stack.sh:main:527                       ln -sf /tmp/devstack_logs/devstacklog.txt.2024-03-20-153426.summary.2024-03-20-153426 /tmp/devstack_logs/devstacklog.txt.summary
2024-03-20 15:34:27.055 | tput: No value for $TERM and no -T specified
2024-03-20 15:34:27.055 | tput: No value for $TERM and no -T specified
2024-03-20 15:34:27.055 | +./stack.sh:main:542                       check_path_perm_sanity /opt/stack
2024-03-20 15:34:27.055 | tput: No value for $TERM and no -T specified
2024-03-20 15:34:27.056 | tput: No value for $TERM and no -T specified
2024-03-20 15:34:27.056 | +functions:check_path_perm_sanity:607      local real_path
2024-03-20 15:34:27.058 | tput: No value for $TERM and no -T specified
2024-03-20 15:34:27.062 | tput: No value for $TERM and no -T specified
2024-03-20 15:34:27.062 | ++functions:check_path_perm_sanity:608      readlink -f /opt/stack
2024-03-20 15:34:27.065 | tput: No value for $TERM and no -T specified
2024-03-20 15:34:27.068 | tput: No value for $TERM and no -T specified
2024-03-20 15:34:27.068 | +functions:check_path_perm_sanity:608      real_path=/opt/stack
2024-03-20 15:34:27.069 | tput: No value for $TERM and no -T specified
2024-03-20 15:34:27.072 | tput: No value for $TERM and no -T specified
2024-03-20 15:34:27.073 | +functions:check_path_perm_sanity:609      local rebuilt_path=
2024-03-20 15:34:27.075 | tput: No value for $TERM and no -T specified
2024-03-20 15:34:27.075 | tput: No value for $TERM and no -T specified
2024-03-20 15:34:27.078 | tput: tput: No value for $TERM and no -T specified
2024-03-20 15:34:27.078 | No value for $TERM and no -T specified
2024-03-20 15:34:27.078 | ++functions:check_path_perm_sanity:610      tr / ' '
2024-03-20 15:34:27.079 | ++functions:check_path_perm_sanity:610      echo /opt/stack
2024-03-20 15:34:27.081 | tput: No value for $TERM and no -T specified
2024-03-20 15:34:27.084 | tput: No value for $TERM and no -T specified
2024-03-20 15:34:27.084 | +functions:check_path_perm_sanity:610      for i in $(echo ${real_path} | tr "/" " ")
2024-03-20 15:34:27.085 | tput: No value for $TERM and no -T specified
2024-03-20 15:34:27.088 | tput: No value for $TERM and no -T specified
2024-03-20 15:34:27.088 | +functions:check_path_perm_sanity:611      rebuilt_path=/opt
2024-03-20 15:34:27.090 | tput: No value for $TERM and no -T specified
2024-03-20 15:34:27.093 | tput: No value for $TERM and no -T specified
2024-03-20 15:34:27.093 | ++functions:check_path_perm_sanity:613      stat -c %a /opt
2024-03-20 15:34:27.095 | tput: No value for $TERM and no -T specified
2024-03-20 15:34:27.098 | tput: No value for $TERM and no -T specified
2024-03-20 15:34:27.098 | +functions:check_path_perm_sanity:613      [[ 755 = 700 ]]
2024-03-20 15:34:27.100 | tput: No value for $TERM and no -T specified
2024-03-20 15:34:27.103 | tput: No value for $TERM and no -T specified
2024-03-20 15:34:27.103 | +functions:check_path_perm_sanity:610      for i in $(echo ${real_path} | tr "/" " ")
2024-03-20 15:34:27.104 | tput: No value for $TERM and no -T specified
2024-03-20 15:34:27.107 | tput: No value for $TERM and no -T specified
2024-03-20 15:34:27.107 | +functions:check_path_perm_sanity:611      rebuilt_path=/opt/stack
2024-03-20 15:34:27.109 | tput: No value for $TERM and no -T specified
2024-03-20 15:34:27.113 | tput: No value for $TERM and no -T specified
2024-03-20 15:34:27.114 | ++functions:check_path_perm_sanity:613      stat -c %a /opt/stack
2024-03-20 15:34:27.116 | tput: No value for $TERM and no -T specified
2024-03-20 15:34:27.120 | tput: No value for $TERM and no -T specified
2024-03-20 15:34:27.120 | +functions:check_path_perm_sanity:613      [[ 777 = 700 ]]
2024-03-20 15:34:27.122 | tput: No value for $TERM and no -T specified
2024-03-20 15:34:27.125 | tput: No value for $TERM and no -T specified
2024-03-20 15:34:27.125 | +./stack.sh:main:548                       trap exit_trap EXIT
2024-03-20 15:34:27.127 | tput: No value for $TERM and no -T specified
2024-03-20 15:34:27.131 | tput: No value for $TERM and no -T specified
2024-03-20 15:34:27.131 | +./stack.sh:main:589                       trap err_trap ERR
2024-03-20 15:34:27.133 | tput: No value for $TERM and no -T specified
2024-03-20 15:34:27.137 | tput: No value for $TERM and no -T specified
2024-03-20 15:34:27.138 | +./stack.sh:main:602                       set -o errexit
2024-03-20 15:34:27.139 | tput: No value for $TERM and no -T specified
2024-03-20 15:34:27.145 | tput: No value for $TERM and no -T specified
2024-03-20 15:34:27.145 | +./stack.sh:main:605                       uname -a
2024-03-20 15:34:27.146 | Linux ubuntu 5.15.0-92-generic #102-Ubuntu SMP Wed Jan 10 09:33:48 UTC 2024 x86_64 x86_64 x86_64 GNU/Linux
2024-03-20 15:34:27.148 | tput: No value for $TERM and no -T specified
2024-03-20 15:34:27.153 | tput: No value for $TERM and no -T specified
2024-03-20 15:34:27.153 | +./stack.sh:main:608                       SSL_BUNDLE_FILE=/opt/stack/data/ca-bundle.pem
2024-03-20 15:34:27.155 | tput: No value for $TERM and no -T specified
2024-03-20 15:34:27.160 | tput: No value for $TERM and no -T specified
2024-03-20 15:34:27.161 | +./stack.sh:main:609                       rm -f /opt/stack/data/ca-bundle.pem
2024-03-20 15:34:27.164 | tput: No value for $TERM and no -T specified
2024-03-20 15:34:27.170 | tput: No value for $TERM and no -T specified
2024-03-20 15:34:27.170 | +./stack.sh:main:612                       source /opt/stack/devstack/lib/database
2024-03-20 15:34:27.174 | tput: No value for $TERM and no -T specified
2024-03-20 15:34:27.176 | tput: No value for $TERM and no -T specified
2024-03-20 15:34:27.181 | tput: No value for $TERM and no -T specified
2024-03-20 15:34:27.182 | tput: No value for $TERM and no -T specified
2024-03-20 15:34:27.189 | tput: No value for $TERM and no -T specified
2024-03-20 15:34:27.194 | tput: No value for $TERM and no -T specified
2024-03-20 15:34:27.196 | tput: No value for $TERM and no -T specified
2024-03-20 15:34:27.201 | tput: No value for $TERM and no -T specified
2024-03-20 15:34:27.242 | tput: No value for $TERM and no -T specified
2024-03-20 15:34:27.248 | tput: No value for $TERM and no -T specified
2024-03-20 15:34:27.248 | +./stack.sh:main:613                       source /opt/stack/devstack/lib/rpc_backend
2024-03-20 15:34:27.252 | tput: No value for $TERM and no -T specified
2024-03-20 15:34:27.252 | tput: No value for $TERM and no -T specified
2024-03-20 15:34:27.258 | tput: No value for $TERM and no -T specified
2024-03-20 15:34:27.258 | tput: No value for $TERM and no -T specified
2024-03-20 15:34:27.262 | tput: No value for $TERM and no -T specified
2024-03-20 15:34:27.267 | tput: No value for $TERM and no -T specified
2024-03-20 15:34:27.268 | tput: No value for $TERM and no -T specified
2024-03-20 15:34:27.272 | tput: No value for $TERM and no -T specified
2024-03-20 15:34:27.280 | tput: No value for $TERM and no -T specified
2024-03-20 15:34:27.285 | tput: No value for $TERM and no -T specified
2024-03-20 15:34:27.285 | +./stack.sh:main:619                       fetch_plugins
2024-03-20 15:34:27.287 | tput: No value for $TERM and no -T specified
2024-03-20 15:34:27.292 | tput: No value for $TERM and no -T specified
2024-03-20 15:34:27.292 | +functions-common:fetch_plugins:1767       local plugins=
2024-03-20 15:34:27.295 | tput: No value for $TERM and no -T specified
2024-03-20 15:34:27.301 | tput: No value for $TERM and no -T specified
2024-03-20 15:34:27.302 | +functions-common:fetch_plugins:1768       local plugin
2024-03-20 15:34:27.304 | tput: No value for $TERM and no -T specified
2024-03-20 15:34:27.310 | tput: No value for $TERM and no -T specified
2024-03-20 15:34:27.310 | +functions-common:fetch_plugins:1771       [[ -z '' ]]
2024-03-20 15:34:27.313 | tput: No value for $TERM and no -T specified
2024-03-20 15:34:27.318 | tput: No value for $TERM and no -T specified
2024-03-20 15:34:27.319 | +functions-common:fetch_plugins:1772       return
2024-03-20 15:34:27.322 | tput: No value for $TERM and no -T specified
2024-03-20 15:34:27.328 | tput: No value for $TERM and no -T specified
2024-03-20 15:34:27.328 | +./stack.sh:main:623                       run_phase override_defaults
2024-03-20 15:34:27.331 | tput: No value for $TERM and no -T specified
2024-03-20 15:34:27.338 | tput: No value for $TERM and no -T specified
2024-03-20 15:34:27.338 | +functions-common:run_phase:1849           local mode=override_defaults
2024-03-20 15:34:27.341 | tput: No value for $TERM and no -T specified
2024-03-20 15:34:27.346 | tput: No value for $TERM and no -T specified
2024-03-20 15:34:27.346 | +functions-common:run_phase:1850           local phase=
2024-03-20 15:34:27.349 | tput: No value for $TERM and no -T specified
2024-03-20 15:34:27.357 | tput: No value for $TERM and no -T specified
2024-03-20 15:34:27.357 | +functions-common:run_phase:1851           [[ -d /opt/stack/devstack/extras.d ]]
2024-03-20 15:34:27.359 | tput: No value for $TERM and no -T specified
2024-03-20 15:34:27.366 | tput: No value for $TERM and no -T specified
2024-03-20 15:34:27.366 | +functions-common:run_phase:1852           local extra_plugin_file_name
2024-03-20 15:34:27.370 | tput: No value for $TERM and no -T specified
2024-03-20 15:34:27.376 | tput: No value for $TERM and no -T specified
2024-03-20 15:34:27.377 | +functions-common:run_phase:1853           for extra_plugin_file_name in $TOP_DIR/extras.d/*.sh
2024-03-20 15:34:27.380 | tput: No value for $TERM and no -T specified
2024-03-20 15:34:27.387 | tput: No value for $TERM and no -T specified
2024-03-20 15:34:27.387 | +functions-common:run_phase:1858           local exceptions=80-tempest.sh
2024-03-20 15:34:27.391 | tput: No value for $TERM and no -T specified
2024-03-20 15:34:27.398 | tput: No value for $TERM and no -T specified
2024-03-20 15:34:27.398 | +functions-common:run_phase:1859           local extra
2024-03-20 15:34:27.403 | tput: No value for $TERM and no -T specified
2024-03-20 15:34:27.410 | tput: No value for $TERM and no -T specified
2024-03-20 15:34:27.411 | ++functions-common:run_phase:1860           basename /opt/stack/devstack/extras.d/80-tempest.sh
2024-03-20 15:34:27.417 | tput: No value for $TERM and no -T specified
2024-03-20 15:34:27.425 | tput: No value for $TERM and no -T specified
2024-03-20 15:34:27.425 | +functions-common:run_phase:1860           extra=80-tempest.sh
2024-03-20 15:34:27.428 | tput: No value for $TERM and no -T specified
2024-03-20 15:34:27.434 | tput: No value for $TERM and no -T specified
2024-03-20 15:34:27.435 | +functions-common:run_phase:1861           [[ 80-tempest.sh =~ 80-tempest\.sh ]]
2024-03-20 15:34:27.438 | tput: No value for $TERM and no -T specified
2024-03-20 15:34:27.446 | tput: No value for $TERM and no -T specified
2024-03-20 15:34:27.446 | +functions-common:run_phase:1865           [[ -r /opt/stack/devstack/extras.d/80-tempest.sh ]]
2024-03-20 15:34:27.450 | tput: No value for $TERM and no -T specified
2024-03-20 15:34:27.457 | tput: No value for $TERM and no -T specified
2024-03-20 15:34:27.458 | +functions-common:run_phase:1865           source /opt/stack/devstack/extras.d/80-tempest.sh override_defaults
2024-03-20 15:34:27.462 | tput: No value for $TERM and no -T specified
2024-03-20 15:34:27.469 | tput: No value for $TERM and no -T specified
2024-03-20 15:34:27.469 | ++extras.d/80-tempest.sh:source:3           is_service_enabled tempest
2024-03-20 15:34:27.472 | tput: No value for $TERM and no -T specified
2024-03-20 15:34:27.479 | tput: No value for $TERM and no -T specified
2024-03-20 15:34:27.484 | tput: No value for $TERM and no -T specified
2024-03-20 15:34:27.484 | tput: No value for $TERM and no -T specified
2024-03-20 15:34:27.490 | tput: No value for $TERM and no -T specified
2024-03-20 15:34:27.491 | tput: No value for $TERM and no -T specified
2024-03-20 15:34:27.497 | tput: No value for $TERM and no -T specified
2024-03-20 15:34:27.502 | tput: No value for $TERM and no -T specified
2024-03-20 15:34:27.504 | tput: No value for $TERM and no -T specified
2024-03-20 15:34:27.510 | tput: No value for $TERM and no -T specified
2024-03-20 15:34:27.512 | tput: No value for $TERM and no -T specified
2024-03-20 15:34:27.518 | tput: No value for $TERM and no -T specified
2024-03-20 15:34:27.518 | ++functions-common:is_service_enabled:2077  return 0
2024-03-20 15:34:27.520 | tput: No value for $TERM and no -T specified
2024-03-20 15:34:27.525 | tput: No value for $TERM and no -T specified
2024-03-20 15:34:27.525 | ++extras.d/80-tempest.sh:source:4           [[ override_defaults == \s\o\u\r\c\e ]]
2024-03-20 15:34:27.528 | tput: No value for $TERM and no -T specified
2024-03-20 15:34:27.533 | tput: No value for $TERM and no -T specified
2024-03-20 15:34:27.533 | ++extras.d/80-tempest.sh:source:7           [[ override_defaults == \s\t\a\c\k ]]
2024-03-20 15:34:27.536 | tput: No value for $TERM and no -T specified
2024-03-20 15:34:27.541 | tput: No value for $TERM and no -T specified
2024-03-20 15:34:27.541 | ++extras.d/80-tempest.sh:source:10          [[ override_defaults == \s\t\a\c\k ]]
2024-03-20 15:34:27.544 | tput: No value for $TERM and no -T specified
2024-03-20 15:34:27.549 | tput: No value for $TERM and no -T specified
2024-03-20 15:34:27.549 | ++extras.d/80-tempest.sh:source:13          [[ override_defaults == \s\t\a\c\k ]]
2024-03-20 15:34:27.551 | tput: No value for $TERM and no -T specified
2024-03-20 15:34:27.557 | tput: No value for $TERM and no -T specified
2024-03-20 15:34:27.557 | ++extras.d/80-tempest.sh:source:16          [[ override_defaults == \s\t\a\c\k ]]
2024-03-20 15:34:27.561 | tput: No value for $TERM and no -T specified
2024-03-20 15:34:27.566 | tput: No value for $TERM and no -T specified
2024-03-20 15:34:27.566 | ++extras.d/80-tempest.sh:source:19          [[ override_defaults == \s\t\a\c\k ]]
2024-03-20 15:34:27.569 | tput: No value for $TERM and no -T specified
2024-03-20 15:34:27.575 | tput: No value for $TERM and no -T specified
2024-03-20 15:34:27.575 | ++extras.d/80-tempest.sh:source:27          [[ override_defaults == \u\n\s\t\a\c\k ]]
2024-03-20 15:34:27.577 | tput: No value for $TERM and no -T specified
2024-03-20 15:34:27.584 | tput: No value for $TERM and no -T specified
2024-03-20 15:34:27.584 | ++extras.d/80-tempest.sh:source:32          [[ override_defaults == \c\l\e\a\n ]]
2024-03-20 15:34:27.587 | tput: No value for $TERM and no -T specified
2024-03-20 15:34:27.593 | tput: No value for $TERM and no -T specified
2024-03-20 15:34:27.594 | +functions-common:run_phase:1870           [[ override_defaults == \s\o\u\r\c\e ]]
2024-03-20 15:34:27.598 | tput: No value for $TERM and no -T specified
2024-03-20 15:34:27.605 | tput: No value for $TERM and no -T specified
2024-03-20 15:34:27.605 | +functions-common:run_phase:1873           [[ override_defaults == \o\v\e\r\r\i\d\e\_\d\e\f\a\u\l\t\s ]]
2024-03-20 15:34:27.609 | tput: No value for $TERM and no -T specified
2024-03-20 15:34:27.614 | tput: No value for $TERM and no -T specified
2024-03-20 15:34:27.615 | +functions-common:run_phase:1874           plugin_override_defaults
2024-03-20 15:34:27.618 | tput: No value for $TERM and no -T specified
2024-03-20 15:34:27.625 | tput: No value for $TERM and no -T specified
2024-03-20 15:34:27.625 | +functions-common:plugin_override_defaults:1808  local plugins=
2024-03-20 15:34:27.629 | tput: No value for $TERM and no -T specified
2024-03-20 15:34:27.634 | tput: No value for $TERM and no -T specified
2024-03-20 15:34:27.634 | +functions-common:plugin_override_defaults:1809  local plugin
2024-03-20 15:34:27.637 | tput: No value for $TERM and no -T specified
2024-03-20 15:34:27.643 | tput: No value for $TERM and no -T specified
2024-03-20 15:34:27.643 | +functions-common:plugin_override_defaults:1812  [[ -z '' ]]
2024-03-20 15:34:27.646 | tput: No value for $TERM and no -T specified
2024-03-20 15:34:27.653 | tput: No value for $TERM and no -T specified
2024-03-20 15:34:27.654 | +functions-common:plugin_override_defaults:1813  return
2024-03-20 15:34:27.658 | tput: No value for $TERM and no -T specified
2024-03-20 15:34:27.665 | tput: No value for $TERM and no -T specified
2024-03-20 15:34:27.665 | +./stack.sh:main:626                       source /opt/stack/devstack/lib/apache
2024-03-20 15:34:27.671 | tput: No value for $TERM and no -T specified
2024-03-20 15:34:27.677 | tput: No value for $TERM and no -T specified
2024-03-20 15:34:27.678 | tput: No value for $TERM and no -T specified
2024-03-20 15:34:27.685 | tput: No value for $TERM and no -T specified
2024-03-20 15:34:27.689 | tput: No value for $TERM and no -T specified
2024-03-20 15:34:27.692 | tput: No value for $TERM and no -T specified
2024-03-20 15:34:27.694 | tput: No value for $TERM and no -T specified
2024-03-20 15:34:27.697 | tput: No value for $TERM and no -T specified
2024-03-20 15:34:27.703 | tput: No value for $TERM and no -T specified
2024-03-20 15:34:27.708 | tput: No value for $TERM and no -T specified
2024-03-20 15:34:27.708 | +./stack.sh:main:629                       source /opt/stack/devstack/lib/tls
2024-03-20 15:34:27.710 | tput: No value for $TERM and no -T specified
2024-03-20 15:34:27.713 | tput: No value for $TERM and no -T specified
2024-03-20 15:34:27.713 | ++lib/tls:source:38                         is_service_enabled tls-proxy
2024-03-20 15:34:27.716 | tput: No value for $TERM and no -T specified
2024-03-20 15:34:27.719 | tput: No value for $TERM and no -T specified
2024-03-20 15:34:27.722 | tput: No value for $TERM and no -T specified
2024-03-20 15:34:27.723 | tput: No value for $TERM and no -T specified
2024-03-20 15:34:27.726 | tput: No value for $TERM and no -T specified
2024-03-20 15:34:27.727 | tput: No value for $TERM and no -T specified
2024-03-20 15:34:27.731 | tput: No value for $TERM and no -T specified
2024-03-20 15:34:27.736 | tput: No value for $TERM and no -T specified
2024-03-20 15:34:27.737 | tput: No value for $TERM and no -T specified
2024-03-20 15:34:27.741 | tput: No value for $TERM and no -T specified
2024-03-20 15:34:27.743 | tput: No value for $TERM and no -T specified
2024-03-20 15:34:27.747 | tput: No value for $TERM and no -T specified
2024-03-20 15:34:27.748 | ++functions-common:is_service_enabled:2077  return 1
2024-03-20 15:34:27.750 | tput: No value for $TERM and no -T specified
2024-03-20 15:34:27.756 | tput: No value for $TERM and no -T specified
2024-03-20 15:34:27.757 | +++lib/tls:source:43                         hostname -f
2024-03-20 15:34:27.761 | tput: No value for $TERM and no -T specified
2024-03-20 15:34:27.768 | tput: No value for $TERM and no -T specified
2024-03-20 15:34:27.768 | ++lib/tls:source:43                         DEVSTACK_HOSTNAME=localhost
2024-03-20 15:34:27.772 | tput: No value for $TERM and no -T specified
2024-03-20 15:34:27.778 | tput: No value for $TERM and no -T specified
2024-03-20 15:34:27.778 | ++lib/tls:source:44                         DEVSTACK_CERT_NAME=devstack-cert
2024-03-20 15:34:27.781 | tput: No value for $TERM and no -T specified
2024-03-20 15:34:27.788 | tput: No value for $TERM and no -T specified
2024-03-20 15:34:27.788 | ++lib/tls:source:45                         DEVSTACK_CERT=/opt/stack/data/devstack-cert.pem
2024-03-20 15:34:27.791 | tput: No value for $TERM and no -T specified
2024-03-20 15:34:27.798 | tput: No value for $TERM and no -T specified
2024-03-20 15:34:27.799 | ++lib/tls:source:48                         ROOT_CA_DIR=/opt/stack/data/CA/root-ca
2024-03-20 15:34:27.802 | tput: No value for $TERM and no -T specified
2024-03-20 15:34:27.810 | tput: No value for $TERM and no -T specified
2024-03-20 15:34:27.810 | ++lib/tls:source:49                         INT_CA_DIR=/opt/stack/data/CA/int-ca
2024-03-20 15:34:27.814 | tput: No value for $TERM and no -T specified
2024-03-20 15:34:27.821 | tput: No value for $TERM and no -T specified
2024-03-20 15:34:27.822 | ++lib/tls:source:51                         ORG_NAME=OpenStack
2024-03-20 15:34:27.824 | tput: No value for $TERM and no -T specified
2024-03-20 15:34:27.832 | tput: No value for $TERM and no -T specified
2024-03-20 15:34:27.832 | ++lib/tls:source:52                         ORG_UNIT_NAME=DevStack
2024-03-20 15:34:27.836 | tput: No value for $TERM and no -T specified
2024-03-20 15:34:27.843 | tput: No value for $TERM and no -T specified
2024-03-20 15:34:27.843 | ++lib/tls:source:55                         STUD_PROTO=--tls
2024-03-20 15:34:27.847 | tput: No value for $TERM and no -T specified
2024-03-20 15:34:27.854 | tput: No value for $TERM and no -T specified
2024-03-20 15:34:27.855 | ++lib/tls:source:56                         STUD_CIPHERS='TLSv1+HIGH:!DES:!aNULL:!eNULL:@STRENGTH'
2024-03-20 15:34:27.858 | tput: No value for $TERM and no -T specified
2024-03-20 15:34:27.865 | tput: No value for $TERM and no -T specified
2024-03-20 15:34:27.866 | ++lib/tls:source:63                         OPENSSL=/usr/bin/openssl
2024-03-20 15:34:27.878 | tput: No value for $TERM and no -T specified
2024-03-20 15:34:27.886 | tput: No value for $TERM and no -T specified
2024-03-20 15:34:27.887 | +./stack.sh:main:632                       source /opt/stack/devstack/lib/infra
2024-03-20 15:34:27.891 | tput: No value for $TERM and no -T specified
2024-03-20 15:34:27.893 | tput: No value for $TERM and no -T specified
2024-03-20 15:34:27.899 | tput: No value for $TERM and no -T specified
2024-03-20 15:34:27.900 | tput: No value for $TERM and no -T specified
2024-03-20 15:34:27.905 | tput: No value for $TERM and no -T specified
2024-03-20 15:34:27.910 | tput: No value for $TERM and no -T specified
2024-03-20 15:34:27.912 | tput: No value for $TERM and no -T specified
2024-03-20 15:34:27.917 | tput: No value for $TERM and no -T specified
2024-03-20 15:34:27.920 | tput: No value for $TERM and no -T specified
2024-03-20 15:34:27.925 | tput: No value for $TERM and no -T specified
2024-03-20 15:34:27.925 | +./stack.sh:main:633                       source /opt/stack/devstack/lib/libraries
2024-03-20 15:34:27.929 | tput: No value for $TERM and no -T specified
2024-03-20 15:34:27.929 | tput: No value for $TERM and no -T specified
2024-03-20 15:34:27.935 | tput: No value for $TERM and no -T specified
2024-03-20 15:34:27.937 | tput: No value for $TERM and no -T specified
2024-03-20 15:34:27.942 | tput: No value for $TERM and no -T specified
2024-03-20 15:34:27.947 | tput: No value for $TERM and no -T specified
2024-03-20 15:34:27.949 | tput: No value for $TERM and no -T specified
2024-03-20 15:34:27.953 | tput: No value for $TERM and no -T specified
2024-03-20 15:34:27.962 | tput: No value for $TERM and no -T specified
2024-03-20 15:34:27.967 | tput: No value for $TERM and no -T specified
2024-03-20 15:34:27.967 | +./stack.sh:main:634                       source /opt/stack/devstack/lib/lvm
2024-03-20 15:34:27.971 | tput: No value for $TERM and no -T specified
2024-03-20 15:34:27.972 | tput: No value for $TERM and no -T specified
2024-03-20 15:34:27.977 | tput: No value for $TERM and no -T specified
2024-03-20 15:34:27.978 | tput: No value for $TERM and no -T specified
2024-03-20 15:34:27.981 | tput: No value for $TERM and no -T specified
2024-03-20 15:34:27.985 | tput: No value for $TERM and no -T specified
2024-03-20 15:34:27.987 | tput: No value for $TERM and no -T specified
2024-03-20 15:34:27.991 | tput: No value for $TERM and no -T specified
2024-03-20 15:34:27.995 | tput: No value for $TERM and no -T specified
2024-03-20 15:34:27.999 | tput: No value for $TERM and no -T specified
2024-03-20 15:34:27.999 | +./stack.sh:main:635                       source /opt/stack/devstack/lib/horizon
2024-03-20 15:34:28.003 | tput: No value for $TERM and no -T specified
2024-03-20 15:34:28.003 | tput: No value for $TERM and no -T specified
2024-03-20 15:34:28.008 | tput: No value for $TERM and no -T specified
2024-03-20 15:34:28.009 | tput: No value for $TERM and no -T specified
2024-03-20 15:34:28.012 | tput: No value for $TERM and no -T specified
2024-03-20 15:34:28.016 | tput: No value for $TERM and no -T specified
2024-03-20 15:34:28.017 | tput: No value for $TERM and no -T specified
2024-03-20 15:34:28.021 | tput: No value for $TERM and no -T specified
2024-03-20 15:34:28.025 | tput: No value for $TERM and no -T specified
2024-03-20 15:34:28.029 | tput: No value for $TERM and no -T specified
2024-03-20 15:34:28.029 | +./stack.sh:main:636                       source /opt/stack/devstack/lib/keystone
2024-03-20 15:34:28.032 | tput: No value for $TERM and no -T specified
2024-03-20 15:34:28.033 | tput: No value for $TERM and no -T specified
2024-03-20 15:34:28.036 | tput: No value for $TERM and no -T specified
2024-03-20 15:34:28.036 | tput: No value for $TERM and no -T specified
2024-03-20 15:34:28.040 | tput: No value for $TERM and no -T specified
2024-03-20 15:34:28.043 | tput: No value for $TERM and no -T specified
2024-03-20 15:34:28.045 | tput: No value for $TERM and no -T specified
2024-03-20 15:34:28.049 | tput: No value for $TERM and no -T specified
2024-03-20 15:34:28.072 | tput: No value for $TERM and no -T specified
2024-03-20 15:34:28.077 | tput: No value for $TERM and no -T specified
2024-03-20 15:34:28.077 | +./stack.sh:main:637                       source /opt/stack/devstack/lib/glance
2024-03-20 15:34:28.080 | tput: No value for $TERM and no -T specified
2024-03-20 15:34:28.082 | tput: No value for $TERM and no -T specified
2024-03-20 15:34:28.085 | tput: No value for $TERM and no -T specified
2024-03-20 15:34:28.085 | tput: No value for $TERM and no -T specified
2024-03-20 15:34:28.090 | tput: No value for $TERM and no -T specified
2024-03-20 15:34:28.093 | tput: No value for $TERM and no -T specified
2024-03-20 15:34:28.096 | tput: No value for $TERM and no -T specified
2024-03-20 15:34:28.099 | tput: No value for $TERM and no -T specified
2024-03-20 15:34:28.154 | tput: No value for $TERM and no -T specified
2024-03-20 15:34:28.160 | tput: No value for $TERM and no -T specified
2024-03-20 15:34:28.160 | +./stack.sh:main:638                       source /opt/stack/devstack/lib/nova
2024-03-20 15:34:28.164 | tput: No value for $TERM and no -T specified
2024-03-20 15:34:28.164 | tput: No value for $TERM and no -T specified
2024-03-20 15:34:28.169 | tput: No value for $TERM and no -T specified
2024-03-20 15:34:28.171 | tput: No value for $TERM and no -T specified
2024-03-20 15:34:28.174 | tput: No value for $TERM and no -T specified
2024-03-20 15:34:28.178 | tput: No value for $TERM and no -T specified
2024-03-20 15:34:28.180 | tput: No value for $TERM and no -T specified
2024-03-20 15:34:28.184 | tput: No value for $TERM and no -T specified
2024-03-20 15:34:28.276 | tput: No value for $TERM and no -T specified
2024-03-20 15:34:28.283 | tput: No value for $TERM and no -T specified
2024-03-20 15:34:28.283 | +./stack.sh:main:639                       source /opt/stack/devstack/lib/placement
2024-03-20 15:34:28.287 | tput: No value for $TERM and no -T specified
2024-03-20 15:34:28.289 | tput: No value for $TERM and no -T specified
2024-03-20 15:34:28.293 | tput: No value for $TERM and no -T specified
2024-03-20 15:34:28.295 | tput: No value for $TERM and no -T specified
2024-03-20 15:34:28.300 | tput: No value for $TERM and no -T specified
2024-03-20 15:34:28.304 | tput: No value for $TERM and no -T specified
2024-03-20 15:34:28.306 | tput: No value for $TERM and no -T specified
2024-03-20 15:34:28.312 | tput: No value for $TERM and no -T specified
2024-03-20 15:34:28.332 | tput: No value for $TERM and no -T specified
2024-03-20 15:34:28.338 | tput: No value for $TERM and no -T specified
2024-03-20 15:34:28.338 | +./stack.sh:main:640                       source /opt/stack/devstack/lib/cinder
2024-03-20 15:34:28.342 | tput: No value for $TERM and no -T specified
2024-03-20 15:34:28.343 | tput: No value for $TERM and no -T specified
2024-03-20 15:34:28.346 | tput: No value for $TERM and no -T specified
2024-03-20 15:34:28.351 | tput: No value for $TERM and no -T specified
2024-03-20 15:34:28.354 | tput: No value for $TERM and no -T specified
2024-03-20 15:34:28.358 | tput: No value for $TERM and no -T specified
2024-03-20 15:34:28.360 | tput: No value for $TERM and no -T specified
2024-03-20 15:34:28.365 | tput: No value for $TERM and no -T specified
2024-03-20 15:34:28.411 | tput: No value for $TERM and no -T specified
2024-03-20 15:34:28.419 | tput: No value for $TERM and no -T specified
2024-03-20 15:34:28.419 | +./stack.sh:main:641                       source /opt/stack/devstack/lib/swift
2024-03-20 15:34:28.423 | tput: No value for $TERM and no -T specified
2024-03-20 15:34:28.425 | tput: No value for $TERM and no -T specified
2024-03-20 15:34:28.429 | tput: No value for $TERM and no -T specified
2024-03-20 15:34:28.432 | tput: No value for $TERM and no -T specified
2024-03-20 15:34:28.436 | tput: No value for $TERM and no -T specified
2024-03-20 15:34:28.441 | tput: No value for $TERM and no -T specified
2024-03-20 15:34:28.443 | tput: No value for $TERM and no -T specified
2024-03-20 15:34:28.449 | tput: No value for $TERM and no -T specified
2024-03-20 15:34:28.499 | tput: No value for $TERM and no -T specified
2024-03-20 15:34:28.506 | tput: No value for $TERM and no -T specified
2024-03-20 15:34:28.506 | +./stack.sh:main:642                       source /opt/stack/devstack/lib/neutron
2024-03-20 15:34:28.510 | tput: No value for $TERM and no -T specified
2024-03-20 15:34:28.516 | tput: No value for $TERM and no -T specified
2024-03-20 15:34:28.517 | ++lib/neutron:source:61                     is_service_enabled tls-proxy
2024-03-20 15:34:28.519 | tput: No value for $TERM and no -T specified
2024-03-20 15:34:28.525 | tput: No value for $TERM and no -T specified
2024-03-20 15:34:28.530 | tput: tput: No value for $TERM and no -T specified
2024-03-20 15:34:28.530 | No value for $TERM and no -T specified
2024-03-20 15:34:28.536 | tput: No value for $TERM and no -T specifiedtput: 
2024-03-20 15:34:28.536 | No value for $TERM and no -T specified
2024-03-20 15:34:28.542 | tput: No value for $TERM and no -T specified
2024-03-20 15:34:28.547 | tput: No value for $TERM and no -T specified
2024-03-20 15:34:28.549 | tput: No value for $TERM and no -T specified
2024-03-20 15:34:28.553 | tput: No value for $TERM and no -T specified
2024-03-20 15:34:28.556 | tput: No value for $TERM and no -T specified
2024-03-20 15:34:28.561 | tput: No value for $TERM and no -T specified
2024-03-20 15:34:28.561 | ++functions-common:is_service_enabled:2077  return 1
2024-03-20 15:34:28.563 | tput: No value for $TERM and no -T specified
2024-03-20 15:34:28.569 | tput: No value for $TERM and no -T specified
2024-03-20 15:34:28.569 | ++lib/neutron:source:67                     GITDIR["python-neutronclient"]=/opt/stack/python-neutronclient
2024-03-20 15:34:28.572 | tput: No value for $TERM and no -T specified
2024-03-20 15:34:28.578 | tput: No value for $TERM and no -T specified
2024-03-20 15:34:28.578 | ++lib/neutron:source:70                     NEUTRON_DIR=/opt/stack/neutron
2024-03-20 15:34:28.581 | tput: No value for $TERM and no -T specified
2024-03-20 15:34:28.587 | tput: No value for $TERM and no -T specified
2024-03-20 15:34:28.587 | ++lib/neutron:source:71                     NEUTRON_FWAAS_DIR=/opt/stack/neutron-fwaas
2024-03-20 15:34:28.590 | tput: No value for $TERM and no -T specified
2024-03-20 15:34:28.597 | tput: No value for $TERM and no -T specified
2024-03-20 15:34:28.598 | ++lib/neutron:source:74                     [[ -d /opt/stack/neutron/bin/neutron-server ]]
2024-03-20 15:34:28.602 | tput: No value for $TERM and no -T specified
2024-03-20 15:34:28.609 | tput: No value for $TERM and no -T specified
2024-03-20 15:34:28.609 | +++lib/neutron:source:77                     get_python_exec_prefix
2024-03-20 15:34:28.612 | tput: No value for $TERM and no -T specified
2024-03-20 15:34:28.618 | tput: No value for $TERM and no -T specified
2024-03-20 15:34:28.623 | tput: No value for $TERM and no -T specified
2024-03-20 15:34:28.623 | tput: No value for $TERM and no -T specified
2024-03-20 15:34:28.629 | tput: No value for $TERM and no -T specified
2024-03-20 15:34:28.633 | tput: No value for $TERM and no -T specified
2024-03-20 15:34:28.639 | tput: No value for $TERM and no -T specified
2024-03-20 15:34:28.644 | tput: No value for $TERM and no -T specified
2024-03-20 15:34:28.646 | tput: No value for $TERM and no -T specified
2024-03-20 15:34:28.652 | tput: No value for $TERM and no -T specified
2024-03-20 15:34:28.654 | tput: No value for $TERM and no -T specified
2024-03-20 15:34:28.660 | tput: No value for $TERM and no -T specified
2024-03-20 15:34:28.661 | +++inc/python:get_python_exec_prefix:81      [[ True == \T\r\u\e ]]
2024-03-20 15:34:28.663 | tput: No value for $TERM and no -T specified
2024-03-20 15:34:28.670 | tput: No value for $TERM and no -T specified
2024-03-20 15:34:28.670 | +++inc/python:get_python_exec_prefix:82      echo /opt/stack/data/venv/bin
2024-03-20 15:34:28.673 | tput: No value for $TERM and no -T specified
2024-03-20 15:34:28.680 | tput: No value for $TERM and no -T specified
2024-03-20 15:34:28.680 | ++lib/neutron:source:77                     NEUTRON_BIN_DIR=/opt/stack/data/venv/bin
2024-03-20 15:34:28.683 | tput: No value for $TERM and no -T specified
2024-03-20 15:34:28.691 | tput: No value for $TERM and no -T specified
2024-03-20 15:34:28.691 | ++lib/neutron:source:80                     NEUTRON_CONF_DIR=/etc/neutron
2024-03-20 15:34:28.694 | tput: No value for $TERM and no -T specified
2024-03-20 15:34:28.702 | tput: No value for $TERM and no -T specified
2024-03-20 15:34:28.702 | ++lib/neutron:source:81                     NEUTRON_CONF=/etc/neutron/neutron.conf
2024-03-20 15:34:28.707 | tput: No value for $TERM and no -T specified
2024-03-20 15:34:28.714 | tput: No value for $TERM and no -T specified
2024-03-20 15:34:28.714 | ++lib/neutron:source:82                     export NEUTRON_TEST_CONFIG_FILE=/etc/neutron/debug.ini
2024-03-20 15:34:28.718 | tput: No value for $TERM and no -T specified
2024-03-20 15:34:28.725 | tput: No value for $TERM and no -T specified
2024-03-20 15:34:28.725 | ++lib/neutron:source:82                     NEUTRON_TEST_CONFIG_FILE=/etc/neutron/debug.ini
2024-03-20 15:34:28.731 | tput: No value for $TERM and no -T specified
2024-03-20 15:34:28.738 | tput: No value for $TERM and no -T specified
2024-03-20 15:34:28.738 | +++lib/neutron:source:89                     trueorfalse False NEUTRON_DEPLOY_MOD_WSGI
2024-03-20 15:34:28.742 | tput: No value for $TERM and no -T specified
2024-03-20 15:34:28.749 | tput: No value for $TERM and no -T specified
2024-03-20 15:34:28.754 | tput: No value for $TERM and no -T specified
2024-03-20 15:34:28.755 | tput: No value for $TERM and no -T specified
2024-03-20 15:34:28.761 | tput: No value for $TERM and no -T specified
2024-03-20 15:34:28.762 | tput: No value for $TERM and no -T specified
2024-03-20 15:34:28.768 | tput: No value for $TERM and no -T specified
2024-03-20 15:34:28.773 | tput: No value for $TERM and no -T specified
2024-03-20 15:34:28.775 | tput: No value for $TERM and no -T specified
2024-03-20 15:34:28.782 | tput: No value for $TERM and no -T specified
2024-03-20 15:34:28.785 | tput: No value for $TERM and no -T specified
2024-03-20 15:34:28.791 | tput: No value for $TERM and no -T specified
2024-03-20 15:34:28.791 | ++lib/neutron:source:89                     NEUTRON_DEPLOY_MOD_WSGI=False
2024-03-20 15:34:28.794 | tput: No value for $TERM and no -T specified
2024-03-20 15:34:28.800 | tput: No value for $TERM and no -T specified
2024-03-20 15:34:28.800 | ++lib/neutron:source:91                     NEUTRON_UWSGI_CONF=/etc/neutron/neutron-api-uwsgi.ini
2024-03-20 15:34:28.804 | tput: No value for $TERM and no -T specified
2024-03-20 15:34:28.811 | tput: No value for $TERM and no -T specified
2024-03-20 15:34:28.811 | +++lib/neutron:source:97                     trueorfalse True NEUTRON_ENFORCE_SCOPE
2024-03-20 15:34:28.814 | tput: No value for $TERM and no -T specified
2024-03-20 15:34:28.821 | tput: No value for $TERM and no -T specified
2024-03-20 15:34:28.826 | tput: No value for $TERM and no -T specified
2024-03-20 15:34:28.827 | tput: No value for $TERM and no -T specified
2024-03-20 15:34:28.833 | tput: No value for $TERM and no -T specified
2024-03-20 15:34:28.834 | tput: No value for $TERM and no -T specified
2024-03-20 15:34:28.840 | tput: No value for $TERM and no -T specified
2024-03-20 15:34:28.844 | tput: No value for $TERM and no -T specified
2024-03-20 15:34:28.847 | tput: No value for $TERM and no -T specified
2024-03-20 15:34:28.852 | tput: No value for $TERM and no -T specified
2024-03-20 15:34:28.855 | tput: No value for $TERM and no -T specified
2024-03-20 15:34:28.862 | tput: No value for $TERM and no -T specified
2024-03-20 15:34:28.862 | ++lib/neutron:source:97                     NEUTRON_ENFORCE_SCOPE=True
2024-03-20 15:34:28.864 | tput: No value for $TERM and no -T specified
2024-03-20 15:34:28.871 | tput: No value for $TERM and no -T specified
2024-03-20 15:34:28.871 | ++lib/neutron:source:101                    AGENT_DHCP_BINARY=/opt/stack/data/venv/bin/neutron-dhcp-agent
2024-03-20 15:34:28.874 | tput: No value for $TERM and no -T specified
2024-03-20 15:34:28.882 | tput: No value for $TERM and no -T specified
2024-03-20 15:34:28.882 | ++lib/neutron:source:102                    AGENT_L3_BINARY=/opt/stack/data/venv/bin/neutron-l3-agent
2024-03-20 15:34:28.885 | tput: No value for $TERM and no -T specified
2024-03-20 15:34:28.892 | tput: No value for $TERM and no -T specified
2024-03-20 15:34:28.892 | ++lib/neutron:source:103                    AGENT_META_BINARY=/opt/stack/data/venv/bin/neutron-metadata-agent
2024-03-20 15:34:28.895 | tput: No value for $TERM and no -T specified
2024-03-20 15:34:28.903 | tput: No value for $TERM and no -T specified
2024-03-20 15:34:28.903 | ++lib/neutron:source:107                    Q_DHCP_CONF_FILE=/etc/neutron/dhcp_agent.ini
2024-03-20 15:34:28.906 | tput: No value for $TERM and no -T specified
2024-03-20 15:34:28.914 | tput: No value for $TERM and no -T specified
