2024-03-21 08:25:42.158 | tput: No value for $TERM and no -T specified
2024-03-21 08:25:42.158 | tput: No value for $TERM and no -T specified
2024-03-21 08:25:42.159 | +./stack.sh:main:516                       exec
2024-03-21 08:25:42.159 | tput: No value for $TERM and no -T specified
2024-03-21 08:25:42.159 | tput: No value for $TERM and no -T specified
2024-03-21 08:25:42.159 | tput: No value for $TERM and no -T specified
2024-03-21 08:25:42.159 | +./stack.sh:main:524                       echo_summary 'stack.sh log /tmp/devstack_logs/devstacklog.txt.2024-03-21-082541'
2024-03-21 08:25:42.159 | tput: No value for $TERM and no -T specified
2024-03-21 08:25:42.159 | ++./stack.sh:main:516                       /opt/stack/devstack/tools/outfilter.py -o /tmp/devstack_logs/devstacklog.txt.2024-03-21-082541.summary.2024-03-21-082541
2024-03-21 08:25:42.159 | tput: No value for $TERM and no -T specified
2024-03-21 08:25:42.159 | tput: No value for $TERM and no -T specified
2024-03-21 08:25:42.159 | +./stack.sh:echo_summary:468               [[ -t 3 ]]
2024-03-21 08:25:42.159 | tput: No value for $TERM and no -T specified
2024-03-21 08:25:42.159 | tput: No value for $TERM and no -T specified
2024-03-21 08:25:42.159 | +./stack.sh:echo_summary:474               echo -e stack.sh log /tmp/devstack_logs/devstacklog.txt.2024-03-21-082541
2024-03-21 08:25:42.159 | tput: No value for $TERM and no -T specified
2024-03-21 08:25:42.159 | tput: No value for $TERM and no -T specified
2024-03-21 08:25:42.159 | +./stack.sh:main:526                       ln -sf /tmp/devstack_logs/devstacklog.txt.2024-03-21-082541 /tmp/devstack_logs/devstacklog.txt
2024-03-21 08:25:42.159 | tput: No value for $TERM and no -T specified
2024-03-21 08:25:42.161 | tput: No value for $TERM and no -T specified
2024-03-21 08:25:42.162 | +./stack.sh:main:527                       ln -sf /tmp/devstack_logs/devstacklog.txt.2024-03-21-082541.summary.2024-03-21-082541 /tmp/devstack_logs/devstacklog.txt.summary
2024-03-21 08:25:42.165 | tput: No value for $TERM and no -T specified
2024-03-21 08:25:42.173 | tput: No value for $TERM and no -T specified
2024-03-21 08:25:42.173 | +./stack.sh:main:542                       check_path_perm_sanity /opt/stack
2024-03-21 08:25:42.174 | tput: No value for $TERM and no -T specified
2024-03-21 08:25:42.182 | tput: No value for $TERM and no -T specified
2024-03-21 08:25:42.182 | +functions:check_path_perm_sanity:607      local real_path
2024-03-21 08:25:42.187 | tput: No value for $TERM and no -T specified
2024-03-21 08:25:42.195 | tput: No value for $TERM and no -T specified
2024-03-21 08:25:42.195 | ++functions:check_path_perm_sanity:608      readlink -f /opt/stack
2024-03-21 08:25:42.200 | tput: No value for $TERM and no -T specified
2024-03-21 08:25:42.206 | tput: No value for $TERM and no -T specified
2024-03-21 08:25:42.206 | +functions:check_path_perm_sanity:608      real_path=/opt/stack
2024-03-21 08:25:42.209 | tput: No value for $TERM and no -T specified
2024-03-21 08:25:42.215 | tput: No value for $TERM and no -T specified
2024-03-21 08:25:42.216 | +functions:check_path_perm_sanity:609      local rebuilt_path=
2024-03-21 08:25:42.221 | tput: No value for $TERM and no -T specified
2024-03-21 08:25:42.223 | tput: No value for $TERM and no -T specified
2024-03-21 08:25:42.229 | tput: No value for $TERM and no -T specified
2024-03-21 08:25:42.229 | ++functions:check_path_perm_sanity:610      echo /opt/stack
2024-03-21 08:25:42.232 | tput: No value for $TERM and no -T specified
2024-03-21 08:25:42.233 | ++functions:check_path_perm_sanity:610      tr / ' '
2024-03-21 08:25:42.238 | tput: No value for $TERM and no -T specified
2024-03-21 08:25:42.244 | tput: No value for $TERM and no -T specified
2024-03-21 08:25:42.244 | +functions:check_path_perm_sanity:610      for i in $(echo ${real_path} | tr "/" " ")
2024-03-21 08:25:42.248 | tput: No value for $TERM and no -T specified
2024-03-21 08:25:42.256 | tput: No value for $TERM and no -T specified
2024-03-21 08:25:42.256 | +functions:check_path_perm_sanity:611      rebuilt_path=/opt
2024-03-21 08:25:42.261 | tput: No value for $TERM and no -T specified
2024-03-21 08:25:42.268 | tput: No value for $TERM and no -T specified
2024-03-21 08:25:42.269 | ++functions:check_path_perm_sanity:613      stat -c %a /opt
2024-03-21 08:25:42.276 | tput: No value for $TERM and no -T specified
2024-03-21 08:25:42.283 | tput: No value for $TERM and no -T specified
2024-03-21 08:25:42.283 | +functions:check_path_perm_sanity:613      [[ 755 = 700 ]]
2024-03-21 08:25:42.287 | tput: No value for $TERM and no -T specified
2024-03-21 08:25:42.296 | tput: No value for $TERM and no -T specified
2024-03-21 08:25:42.296 | +functions:check_path_perm_sanity:610      for i in $(echo ${real_path} | tr "/" " ")
2024-03-21 08:25:42.300 | tput: No value for $TERM and no -T specified
2024-03-21 08:25:42.309 | tput: No value for $TERM and no -T specified
2024-03-21 08:25:42.309 | +functions:check_path_perm_sanity:611      rebuilt_path=/opt/stack
2024-03-21 08:25:42.314 | tput: No value for $TERM and no -T specified
2024-03-21 08:25:42.322 | tput: No value for $TERM and no -T specified
2024-03-21 08:25:42.323 | ++functions:check_path_perm_sanity:613      stat -c %a /opt/stack
2024-03-21 08:25:42.330 | tput: No value for $TERM and no -T specified
2024-03-21 08:25:42.339 | tput: No value for $TERM and no -T specified
2024-03-21 08:25:42.339 | +functions:check_path_perm_sanity:613      [[ 777 = 700 ]]
2024-03-21 08:25:42.343 | tput: No value for $TERM and no -T specified
2024-03-21 08:25:42.351 | tput: No value for $TERM and no -T specified
2024-03-21 08:25:42.352 | +./stack.sh:main:548                       trap exit_trap EXIT
2024-03-21 08:25:42.355 | tput: No value for $TERM and no -T specified
2024-03-21 08:25:42.363 | tput: No value for $TERM and no -T specified
2024-03-21 08:25:42.364 | +./stack.sh:main:589                       trap err_trap ERR
2024-03-21 08:25:42.368 | tput: No value for $TERM and no -T specified
2024-03-21 08:25:42.375 | tput: No value for $TERM and no -T specified
2024-03-21 08:25:42.376 | +./stack.sh:main:602                       set -o errexit
2024-03-21 08:25:42.380 | tput: No value for $TERM and no -T specified
2024-03-21 08:25:42.389 | tput: No value for $TERM and no -T specified
2024-03-21 08:25:42.389 | +./stack.sh:main:605                       uname -a
2024-03-21 08:25:42.392 | Linux ubuntu 5.15.0-92-generic #102-Ubuntu SMP Wed Jan 10 09:33:48 UTC 2024 x86_64 x86_64 x86_64 GNU/Linux
2024-03-21 08:25:42.395 | tput: No value for $TERM and no -T specified
2024-03-21 08:25:42.403 | tput: No value for $TERM and no -T specified
2024-03-21 08:25:42.403 | +./stack.sh:main:608                       SSL_BUNDLE_FILE=/opt/stack/data/ca-bundle.pem
2024-03-21 08:25:42.407 | tput: No value for $TERM and no -T specified
2024-03-21 08:25:42.416 | tput: No value for $TERM and no -T specified
2024-03-21 08:25:42.416 | +./stack.sh:main:609                       rm -f /opt/stack/data/ca-bundle.pem
2024-03-21 08:25:42.423 | tput: No value for $TERM and no -T specified
2024-03-21 08:25:42.431 | tput: No value for $TERM and no -T specified
2024-03-21 08:25:42.431 | +./stack.sh:main:612                       source /opt/stack/devstack/lib/database
2024-03-21 08:25:42.438 | tput: No value for $TERM and no -T specified
2024-03-21 08:25:42.438 | tput: No value for $TERM and no -T specified
2024-03-21 08:25:42.445 | tput: No value for $TERM and no -T specified
2024-03-21 08:25:42.446 | tput: No value for $TERM and no -T specified
2024-03-21 08:25:42.451 | tput: No value for $TERM and no -T specified
2024-03-21 08:25:42.457 | tput: No value for $TERM and no -T specified
2024-03-21 08:25:42.460 | tput: No value for $TERM and no -T specified
2024-03-21 08:25:42.466 | tput: No value for $TERM and no -T specified
2024-03-21 08:25:42.520 | tput: No value for $TERM and no -T specified
2024-03-21 08:25:42.527 | tput: No value for $TERM and no -T specified
2024-03-21 08:25:42.527 | +./stack.sh:main:613                       source /opt/stack/devstack/lib/rpc_backend
2024-03-21 08:25:42.534 | tput: No value for $TERM and no -T specified
2024-03-21 08:25:42.535 | tput: No value for $TERM and no -T specified
2024-03-21 08:25:42.541 | tput: No value for $TERM and no -T specified
2024-03-21 08:25:42.543 | tput: No value for $TERM and no -T specified
2024-03-21 08:25:42.548 | tput: No value for $TERM and no -T specified
2024-03-21 08:25:42.556 | tput: No value for $TERM and no -T specified
2024-03-21 08:25:42.560 | tput: No value for $TERM and no -T specified
2024-03-21 08:25:42.566 | tput: No value for $TERM and no -T specified
2024-03-21 08:25:42.580 | tput: No value for $TERM and no -T specified
2024-03-21 08:25:42.588 | tput: No value for $TERM and no -T specified
2024-03-21 08:25:42.588 | +./stack.sh:main:619                       fetch_plugins
2024-03-21 08:25:42.592 | tput: No value for $TERM and no -T specified
2024-03-21 08:25:42.599 | tput: No value for $TERM and no -T specified
2024-03-21 08:25:42.600 | +functions-common:fetch_plugins:1767       local plugins=
2024-03-21 08:25:42.602 | tput: No value for $TERM and no -T specified
2024-03-21 08:25:42.611 | tput: No value for $TERM and no -T specified
2024-03-21 08:25:42.611 | +functions-common:fetch_plugins:1768       local plugin
2024-03-21 08:25:42.615 | tput: No value for $TERM and no -T specified
2024-03-21 08:25:42.624 | tput: No value for $TERM and no -T specified
2024-03-21 08:25:42.624 | +functions-common:fetch_plugins:1771       [[ -z '' ]]
2024-03-21 08:25:42.627 | tput: No value for $TERM and no -T specified
2024-03-21 08:25:42.636 | tput: No value for $TERM and no -T specified
2024-03-21 08:25:42.636 | +functions-common:fetch_plugins:1772       return
2024-03-21 08:25:42.639 | tput: No value for $TERM and no -T specified
2024-03-21 08:25:42.647 | tput: No value for $TERM and no -T specified
2024-03-21 08:25:42.648 | +./stack.sh:main:623                       run_phase override_defaults
2024-03-21 08:25:42.651 | tput: No value for $TERM and no -T specified
2024-03-21 08:25:42.660 | tput: No value for $TERM and no -T specified
2024-03-21 08:25:42.660 | +functions-common:run_phase:1849           local mode=override_defaults
2024-03-21 08:25:42.664 | tput: No value for $TERM and no -T specified
2024-03-21 08:25:42.672 | tput: No value for $TERM and no -T specified
2024-03-21 08:25:42.673 | +functions-common:run_phase:1850           local phase=
2024-03-21 08:25:42.677 | tput: No value for $TERM and no -T specified
2024-03-21 08:25:42.684 | tput: No value for $TERM and no -T specified
2024-03-21 08:25:42.685 | +functions-common:run_phase:1851           [[ -d /opt/stack/devstack/extras.d ]]
2024-03-21 08:25:42.688 | tput: No value for $TERM and no -T specified
2024-03-21 08:25:42.695 | tput: No value for $TERM and no -T specified
2024-03-21 08:25:42.695 | +functions-common:run_phase:1852           local extra_plugin_file_name
2024-03-21 08:25:42.699 | tput: No value for $TERM and no -T specified
2024-03-21 08:25:42.706 | tput: No value for $TERM and no -T specified
2024-03-21 08:25:42.706 | +functions-common:run_phase:1853           for extra_plugin_file_name in $TOP_DIR/extras.d/*.sh
2024-03-21 08:25:42.710 | tput: No value for $TERM and no -T specified
2024-03-21 08:25:42.717 | tput: No value for $TERM and no -T specified
2024-03-21 08:25:42.718 | +functions-common:run_phase:1858           local exceptions=80-tempest.sh
2024-03-21 08:25:42.721 | tput: No value for $TERM and no -T specified
2024-03-21 08:25:42.728 | tput: No value for $TERM and no -T specified
2024-03-21 08:25:42.728 | +functions-common:run_phase:1859           local extra
2024-03-21 08:25:42.733 | tput: No value for $TERM and no -T specified
2024-03-21 08:25:42.743 | tput: No value for $TERM and no -T specified
2024-03-21 08:25:42.743 | ++functions-common:run_phase:1860           basename /opt/stack/devstack/extras.d/80-tempest.sh
2024-03-21 08:25:42.750 | tput: No value for $TERM and no -T specified
2024-03-21 08:25:42.758 | tput: No value for $TERM and no -T specified
2024-03-21 08:25:42.758 | +functions-common:run_phase:1860           extra=80-tempest.sh
2024-03-21 08:25:42.761 | tput: No value for $TERM and no -T specified
2024-03-21 08:25:42.768 | tput: No value for $TERM and no -T specified
2024-03-21 08:25:42.768 | +functions-common:run_phase:1861           [[ 80-tempest.sh =~ 80-tempest\.sh ]]
2024-03-21 08:25:42.771 | tput: No value for $TERM and no -T specified
2024-03-21 08:25:42.780 | tput: No value for $TERM and no -T specified
2024-03-21 08:25:42.780 | +functions-common:run_phase:1865           [[ -r /opt/stack/devstack/extras.d/80-tempest.sh ]]
2024-03-21 08:25:42.784 | tput: No value for $TERM and no -T specified
2024-03-21 08:25:42.792 | tput: No value for $TERM and no -T specified
2024-03-21 08:25:42.792 | +functions-common:run_phase:1865           source /opt/stack/devstack/extras.d/80-tempest.sh override_defaults
2024-03-21 08:25:42.796 | tput: No value for $TERM and no -T specified
2024-03-21 08:25:42.803 | tput: No value for $TERM and no -T specified
2024-03-21 08:25:42.804 | ++extras.d/80-tempest.sh:source:3           is_service_enabled tempest
2024-03-21 08:25:42.807 | tput: No value for $TERM and no -T specified
2024-03-21 08:25:42.817 | tput: No value for $TERM and no -T specified
2024-03-21 08:25:42.823 | tput: No value for $TERM and no -T specified
2024-03-21 08:25:42.824 | tput: No value for $TERM and no -T specified
2024-03-21 08:25:42.829 | tput: No value for $TERM and no -T specified
2024-03-21 08:25:42.832 | tput: No value for $TERM and no -T specified
2024-03-21 08:25:42.839 | tput: No value for $TERM and no -T specified
2024-03-21 08:25:42.845 | tput: No value for $TERM and no -T specified
2024-03-21 08:25:42.848 | tput: No value for $TERM and no -T specified
2024-03-21 08:25:42.857 | tput: No value for $TERM and no -T specified
2024-03-21 08:25:42.861 | tput: No value for $TERM and no -T specified
2024-03-21 08:25:42.869 | tput: No value for $TERM and no -T specified
2024-03-21 08:25:42.869 | ++functions-common:is_service_enabled:2077  return 0
2024-03-21 08:25:42.873 | tput: No value for $TERM and no -T specified
2024-03-21 08:25:42.881 | tput: No value for $TERM and no -T specified
2024-03-21 08:25:42.881 | ++extras.d/80-tempest.sh:source:4           [[ override_defaults == \s\o\u\r\c\e ]]
2024-03-21 08:25:42.885 | tput: No value for $TERM and no -T specified
2024-03-21 08:25:42.892 | tput: No value for $TERM and no -T specified
2024-03-21 08:25:42.892 | ++extras.d/80-tempest.sh:source:7           [[ override_defaults == \s\t\a\c\k ]]
2024-03-21 08:25:42.895 | tput: No value for $TERM and no -T specified
2024-03-21 08:25:42.903 | tput: No value for $TERM and no -T specified
2024-03-21 08:25:42.904 | ++extras.d/80-tempest.sh:source:10          [[ override_defaults == \s\t\a\c\k ]]
2024-03-21 08:25:42.907 | tput: No value for $TERM and no -T specified
2024-03-21 08:25:42.915 | tput: No value for $TERM and no -T specified
2024-03-21 08:25:42.916 | ++extras.d/80-tempest.sh:source:13          [[ override_defaults == \s\t\a\c\k ]]
2024-03-21 08:25:42.919 | tput: No value for $TERM and no -T specified
2024-03-21 08:25:42.927 | tput: No value for $TERM and no -T specified
2024-03-21 08:25:42.928 | ++extras.d/80-tempest.sh:source:16          [[ override_defaults == \s\t\a\c\k ]]
2024-03-21 08:25:42.930 | tput: No value for $TERM and no -T specified
2024-03-21 08:25:42.937 | tput: No value for $TERM and no -T specified
2024-03-21 08:25:42.938 | ++extras.d/80-tempest.sh:source:19          [[ override_defaults == \s\t\a\c\k ]]
2024-03-21 08:25:42.942 | tput: No value for $TERM and no -T specified
2024-03-21 08:25:42.950 | tput: No value for $TERM and no -T specified
2024-03-21 08:25:42.950 | ++extras.d/80-tempest.sh:source:27          [[ override_defaults == \u\n\s\t\a\c\k ]]
2024-03-21 08:25:42.953 | tput: No value for $TERM and no -T specified
2024-03-21 08:25:42.961 | tput: No value for $TERM and no -T specified
2024-03-21 08:25:42.961 | ++extras.d/80-tempest.sh:source:32          [[ override_defaults == \c\l\e\a\n ]]
2024-03-21 08:25:42.965 | tput: No value for $TERM and no -T specified
2024-03-21 08:25:42.973 | tput: No value for $TERM and no -T specified
2024-03-21 08:25:42.973 | +functions-common:run_phase:1870           [[ override_defaults == \s\o\u\r\c\e ]]
2024-03-21 08:25:42.977 | tput: No value for $TERM and no -T specified
2024-03-21 08:25:42.986 | tput: No value for $TERM and no -T specified
2024-03-21 08:25:42.986 | +functions-common:run_phase:1873           [[ override_defaults == \o\v\e\r\r\i\d\e\_\d\e\f\a\u\l\t\s ]]
2024-03-21 08:25:42.990 | tput: No value for $TERM and no -T specified
2024-03-21 08:25:42.999 | tput: No value for $TERM and no -T specified
2024-03-21 08:25:43.000 | +functions-common:run_phase:1874           plugin_override_defaults
2024-03-21 08:25:43.003 | tput: No value for $TERM and no -T specified
2024-03-21 08:25:43.012 | tput: No value for $TERM and no -T specified
2024-03-21 08:25:43.012 | +functions-common:plugin_override_defaults:1808  local plugins=
2024-03-21 08:25:43.016 | tput: No value for $TERM and no -T specified
2024-03-21 08:25:43.025 | tput: No value for $TERM and no -T specified
2024-03-21 08:25:43.025 | +functions-common:plugin_override_defaults:1809  local plugin
2024-03-21 08:25:43.030 | tput: No value for $TERM and no -T specified
2024-03-21 08:25:43.038 | tput: No value for $TERM and no -T specified
2024-03-21 08:25:43.038 | +functions-common:plugin_override_defaults:1812  [[ -z '' ]]
2024-03-21 08:25:43.041 | tput: No value for $TERM and no -T specified
2024-03-21 08:25:43.049 | tput: No value for $TERM and no -T specified
2024-03-21 08:25:43.049 | +functions-common:plugin_override_defaults:1813  return
2024-03-21 08:25:43.052 | tput: No value for $TERM and no -T specified
2024-03-21 08:25:43.060 | tput: No value for $TERM and no -T specified
2024-03-21 08:25:43.060 | +./stack.sh:main:626                       source /opt/stack/devstack/lib/apache
2024-03-21 08:25:43.067 | tput: No value for $TERM and no -T specified
2024-03-21 08:25:43.067 | tput: No value for $TERM and no -T specified
2024-03-21 08:25:43.074 | tput: No value for $TERM and no -T specified
2024-03-21 08:25:43.075 | tput: No value for $TERM and no -T specified
2024-03-21 08:25:43.082 | tput: No value for $TERM and no -T specified
2024-03-21 08:25:43.089 | tput: No value for $TERM and no -T specified
2024-03-21 08:25:43.093 | tput: No value for $TERM and no -T specified
2024-03-21 08:25:43.101 | tput: No value for $TERM and no -T specified
2024-03-21 08:25:43.116 | tput: No value for $TERM and no -T specified
2024-03-21 08:25:43.126 | tput: No value for $TERM and no -T specified
2024-03-21 08:25:43.126 | +./stack.sh:main:629                       source /opt/stack/devstack/lib/tls
2024-03-21 08:25:43.130 | tput: No value for $TERM and no -T specified
2024-03-21 08:25:43.138 | tput: No value for $TERM and no -T specified
2024-03-21 08:25:43.139 | ++lib/tls:source:38                         is_service_enabled tls-proxy
2024-03-21 08:25:43.143 | tput: No value for $TERM and no -T specified
2024-03-21 08:25:43.151 | tput: No value for $TERM and no -T specified
2024-03-21 08:25:43.158 | tput: No value for $TERM and no -T specified
2024-03-21 08:25:43.158 | tput: No value for $TERM and no -T specified
2024-03-21 08:25:43.166 | tput: No value for $TERM and no -T specified
2024-03-21 08:25:43.167 | tput: No value for $TERM and no -T specified
2024-03-21 08:25:43.173 | tput: No value for $TERM and no -T specified
2024-03-21 08:25:43.181 | tput: No value for $TERM and no -T specified
2024-03-21 08:25:43.183 | tput: No value for $TERM and no -T specified
2024-03-21 08:25:43.191 | tput: No value for $TERM and no -T specified
2024-03-21 08:25:43.194 | tput: No value for $TERM and no -T specified
2024-03-21 08:25:43.201 | tput: No value for $TERM and no -T specified
2024-03-21 08:25:43.201 | ++functions-common:is_service_enabled:2077  return 1
2024-03-21 08:25:43.207 | tput: No value for $TERM and no -T specified
2024-03-21 08:25:43.216 | tput: No value for $TERM and no -T specified
2024-03-21 08:25:43.216 | +++lib/tls:source:43                         hostname -f
2024-03-21 08:25:43.224 | tput: No value for $TERM and no -T specified
2024-03-21 08:25:43.233 | tput: No value for $TERM and no -T specified
2024-03-21 08:25:43.234 | ++lib/tls:source:43                         DEVSTACK_HOSTNAME=localhost
2024-03-21 08:25:43.238 | tput: No value for $TERM and no -T specified
2024-03-21 08:25:43.247 | tput: No value for $TERM and no -T specified
2024-03-21 08:25:43.247 | ++lib/tls:source:44                         DEVSTACK_CERT_NAME=devstack-cert
2024-03-21 08:25:43.251 | tput: No value for $TERM and no -T specified
2024-03-21 08:25:43.260 | tput: No value for $TERM and no -T specified
2024-03-21 08:25:43.260 | ++lib/tls:source:45                         DEVSTACK_CERT=/opt/stack/data/devstack-cert.pem
2024-03-21 08:25:43.264 | tput: No value for $TERM and no -T specified
2024-03-21 08:25:43.272 | tput: No value for $TERM and no -T specified
2024-03-21 08:25:43.273 | ++lib/tls:source:48                         ROOT_CA_DIR=/opt/stack/data/CA/root-ca
2024-03-21 08:25:43.276 | tput: No value for $TERM and no -T specified
2024-03-21 08:25:43.284 | tput: No value for $TERM and no -T specified
2024-03-21 08:25:43.285 | ++lib/tls:source:49                         INT_CA_DIR=/opt/stack/data/CA/int-ca
2024-03-21 08:25:43.287 | tput: No value for $TERM and no -T specified
2024-03-21 08:25:43.294 | tput: No value for $TERM and no -T specified
2024-03-21 08:25:43.295 | ++lib/tls:source:51                         ORG_NAME=OpenStack
2024-03-21 08:25:43.298 | tput: No value for $TERM and no -T specified
2024-03-21 08:25:43.306 | tput: No value for $TERM and no -T specified
2024-03-21 08:25:43.306 | ++lib/tls:source:52                         ORG_UNIT_NAME=DevStack
2024-03-21 08:25:43.311 | tput: No value for $TERM and no -T specified
2024-03-21 08:25:43.320 | tput: No value for $TERM and no -T specified
2024-03-21 08:25:43.320 | ++lib/tls:source:55                         STUD_PROTO=--tls
2024-03-21 08:25:43.324 | tput: No value for $TERM and no -T specified
2024-03-21 08:25:43.332 | tput: No value for $TERM and no -T specified
2024-03-21 08:25:43.333 | ++lib/tls:source:56                         STUD_CIPHERS='TLSv1+HIGH:!DES:!aNULL:!eNULL:@STRENGTH'
2024-03-21 08:25:43.337 | tput: No value for $TERM and no -T specified
2024-03-21 08:25:43.345 | tput: No value for $TERM and no -T specified
2024-03-21 08:25:43.345 | ++lib/tls:source:63                         OPENSSL=/usr/bin/openssl
2024-03-21 08:25:43.356 | tput: No value for $TERM and no -T specified
2024-03-21 08:25:43.365 | tput: No value for $TERM and no -T specified
2024-03-21 08:25:43.366 | +./stack.sh:main:632                       source /opt/stack/devstack/lib/infra
2024-03-21 08:25:43.371 | tput: No value for $TERM and no -T specified
2024-03-21 08:25:43.372 | tput: No value for $TERM and no -T specified
2024-03-21 08:25:43.380 | tput: No value for $TERM and no -T specified
2024-03-21 08:25:43.380 | tput: No value for $TERM and no -T specified
2024-03-21 08:25:43.386 | tput: No value for $TERM and no -T specified
2024-03-21 08:25:43.393 | tput: No value for $TERM and no -T specified
2024-03-21 08:25:43.395 | tput: No value for $TERM and no -T specified
2024-03-21 08:25:43.403 | tput: No value for $TERM and no -T specified
2024-03-21 08:25:43.408 | tput: No value for $TERM and no -T specified
2024-03-21 08:25:43.418 | tput: No value for $TERM and no -T specified
2024-03-21 08:25:43.418 | +./stack.sh:main:633                       source /opt/stack/devstack/lib/libraries
2024-03-21 08:25:43.425 | tput: No value for $TERM and no -T specified
2024-03-21 08:25:43.425 | tput: No value for $TERM and no -T specified
2024-03-21 08:25:43.433 | tput: No value for $TERM and no -T specified
2024-03-21 08:25:43.436 | tput: No value for $TERM and no -T specified
2024-03-21 08:25:43.441 | tput: No value for $TERM and no -T specified
2024-03-21 08:25:43.448 | tput: No value for $TERM and no -T specified
2024-03-21 08:25:43.453 | tput: No value for $TERM and no -T specified
2024-03-21 08:25:43.462 | tput: No value for $TERM and no -T specified
2024-03-21 08:25:43.479 | tput: No value for $TERM and no -T specified
2024-03-21 08:25:43.488 | tput: No value for $TERM and no -T specified
2024-03-21 08:25:43.488 | +./stack.sh:main:634                       source /opt/stack/devstack/lib/lvm
2024-03-21 08:25:43.495 | tput: No value for $TERM and no -T specified
2024-03-21 08:25:43.495 | tput: No value for $TERM and no -T specified
2024-03-21 08:25:43.504 | tput: No value for $TERM and no -T specified
2024-03-21 08:25:43.504 | tput: No value for $TERM and no -T specified
2024-03-21 08:25:43.510 | tput: No value for $TERM and no -T specified
2024-03-21 08:25:43.518 | tput: No value for $TERM and no -T specified
2024-03-21 08:25:43.522 | tput: No value for $TERM and no -T specified
2024-03-21 08:25:43.530 | tput: No value for $TERM and no -T specified
2024-03-21 08:25:43.539 | tput: No value for $TERM and no -T specified
2024-03-21 08:25:43.548 | tput: No value for $TERM and no -T specified
2024-03-21 08:25:43.549 | +./stack.sh:main:635                       source /opt/stack/devstack/lib/horizon
2024-03-21 08:25:43.555 | tput: No value for $TERM and no -T specified
2024-03-21 08:25:43.555 | tput: No value for $TERM and no -T specified
2024-03-21 08:25:43.563 | tput: No value for $TERM and no -T specified
2024-03-21 08:25:43.564 | tput: No value for $TERM and no -T specified
2024-03-21 08:25:43.569 | tput: No value for $TERM and no -T specified
2024-03-21 08:25:43.576 | tput: No value for $TERM and no -T specified
2024-03-21 08:25:43.580 | tput: No value for $TERM and no -T specified
2024-03-21 08:25:43.588 | tput: No value for $TERM and no -T specified
2024-03-21 08:25:43.596 | tput: No value for $TERM and no -T specified
2024-03-21 08:25:43.605 | tput: No value for $TERM and no -T specified
2024-03-21 08:25:43.605 | +./stack.sh:main:636                       source /opt/stack/devstack/lib/keystone
2024-03-21 08:25:43.611 | tput: No value for $TERM and no -T specified
2024-03-21 08:25:43.611 | tput: No value for $TERM and no -T specified
2024-03-21 08:25:43.618 | tput: No value for $TERM and no -T specified
2024-03-21 08:25:43.620 | tput: No value for $TERM and no -T specified
2024-03-21 08:25:43.625 | tput: No value for $TERM and no -T specified
2024-03-21 08:25:43.633 | tput: No value for $TERM and no -T specified
2024-03-21 08:25:43.638 | tput: No value for $TERM and no -T specified
2024-03-21 08:25:43.646 | tput: No value for $TERM and no -T specified
2024-03-21 08:25:43.697 | tput: No value for $TERM and no -T specified
2024-03-21 08:25:43.706 | tput: No value for $TERM and no -T specified
2024-03-21 08:25:43.706 | +./stack.sh:main:637                       source /opt/stack/devstack/lib/glance
2024-03-21 08:25:43.712 | tput: No value for $TERM and no -T specified
2024-03-21 08:25:43.713 | tput: No value for $TERM and no -T specified
2024-03-21 08:25:43.720 | tput: No value for $TERM and no -T specified
2024-03-21 08:25:43.721 | tput: No value for $TERM and no -T specified
2024-03-21 08:25:43.727 | tput: No value for $TERM and no -T specified
2024-03-21 08:25:43.734 | tput: No value for $TERM and no -T specified
2024-03-21 08:25:43.737 | tput: No value for $TERM and no -T specified
2024-03-21 08:25:43.745 | tput: No value for $TERM and no -T specified
2024-03-21 08:25:43.846 | tput: No value for $TERM and no -T specified
2024-03-21 08:25:43.855 | tput: No value for $TERM and no -T specified
2024-03-21 08:25:43.855 | +./stack.sh:main:638                       source /opt/stack/devstack/lib/nova
2024-03-21 08:25:43.860 | tput: No value for $TERM and no -T specified
2024-03-21 08:25:43.863 | tput: No value for $TERM and no -T specified
2024-03-21 08:25:43.870 | tput: No value for $TERM and no -T specified
2024-03-21 08:25:43.871 | No value for $TERM and no -T specified
2024-03-21 08:25:43.877 | tput: No value for $TERM and no -T specified
2024-03-21 08:25:43.885 | tput: No value for $TERM and no -T specified
2024-03-21 08:25:43.890 | tput: No value for $TERM and no -T specified
2024-03-21 08:25:43.899 | tput: No value for $TERM and no -T specified
2024-03-21 08:25:44.048 | tput: No value for $TERM and no -T specified
2024-03-21 08:25:44.058 | tput: No value for $TERM and no -T specified
2024-03-21 08:25:44.059 | +./stack.sh:main:639                       source /opt/stack/devstack/lib/placement
2024-03-21 08:25:44.066 | tput: No value for $TERM and no -T specified
2024-03-21 08:25:44.067 | tput: No value for $TERM and no -T specified
2024-03-21 08:25:44.075 | tput: No value for $TERM and no -T specified
2024-03-21 08:25:44.077 | tput: No value for $TERM and no -T specified
2024-03-21 08:25:44.083 | tput: No value for $TERM and no -T specified
2024-03-21 08:25:44.090 | tput: No value for $TERM and no -T specified
2024-03-21 08:25:44.095 | tput: No value for $TERM and no -T specified
2024-03-21 08:25:44.105 | tput: No value for $TERM and no -T specified
2024-03-21 08:25:44.142 | tput: No value for $TERM and no -T specified
2024-03-21 08:25:44.152 | tput: No value for $TERM and no -T specified
2024-03-21 08:25:44.153 | +./stack.sh:main:640                       source /opt/stack/devstack/lib/cinder
2024-03-21 08:25:44.160 | tput: No value for $TERM and no -T specified
2024-03-21 08:25:44.160 | tput: No value for $TERM and no -T specified
2024-03-21 08:25:44.167 | tput: No value for $TERM and no -T specified
2024-03-21 08:25:44.169 | tput: No value for $TERM and no -T specified
2024-03-21 08:25:44.174 | tput: No value for $TERM and no -T specified
2024-03-21 08:25:44.180 | tput: No value for $TERM and no -T specified
2024-03-21 08:25:44.184 | tput: No value for $TERM and no -T specified
2024-03-21 08:25:44.193 | tput: No value for $TERM and no -T specified
2024-03-21 08:25:44.256 | tput: No value for $TERM and no -T specified
2024-03-21 08:25:44.264 | tput: No value for $TERM and no -T specified
2024-03-21 08:25:44.265 | +./stack.sh:main:641                       source /opt/stack/devstack/lib/swift
2024-03-21 08:25:44.270 | tput: No value for $TERM and no -T specified
2024-03-21 08:25:44.271 | tput: No value for $TERM and no -T specified
2024-03-21 08:25:44.276 | tput: No value for $TERM and no -T specified
2024-03-21 08:25:44.278 | tput: No value for $TERM and no -T specified
2024-03-21 08:25:44.283 | tput: No value for $TERM and no -T specified
2024-03-21 08:25:44.289 | tput: No value for $TERM and no -T specified
2024-03-21 08:25:44.291 | tput: No value for $TERM and no -T specified
2024-03-21 08:25:44.298 | tput: No value for $TERM and no -T specified
2024-03-21 08:25:44.369 | tput: No value for $TERM and no -T specified
2024-03-21 08:25:44.379 | tput: No value for $TERM and no -T specified
2024-03-21 08:25:44.379 | +./stack.sh:main:642                       source /opt/stack/devstack/lib/neutron
2024-03-21 08:25:44.385 | tput: No value for $TERM and no -T specified
2024-03-21 08:25:44.394 | tput: No value for $TERM and no -T specified
2024-03-21 08:25:44.394 | ++lib/neutron:source:61                     is_service_enabled tls-proxy
2024-03-21 08:25:44.399 | tput: No value for $TERM and no -T specified
2024-03-21 08:25:44.408 | tput: No value for $TERM and no -T specified
2024-03-21 08:25:44.414 | tput: No value for $TERM and no -T specified
2024-03-21 08:25:44.415 | tput: No value for $TERM and no -T specified
2024-03-21 08:25:44.421 | tput: No value for $TERM and no -T specified
2024-03-21 08:25:44.426 | tput: No value for $TERM and no -T specified
2024-03-21 08:25:44.431 | tput: No value for $TERM and no -T specified
2024-03-21 08:25:44.437 | tput: No value for $TERM and no -T specified
2024-03-21 08:25:44.440 | tput: No value for $TERM and no -T specified
2024-03-21 08:25:44.447 | tput: No value for $TERM and no -T specified
2024-03-21 08:25:44.451 | tput: No value for $TERM and no -T specified
2024-03-21 08:25:44.461 | tput: No value for $TERM and no -T specified
2024-03-21 08:25:44.462 | ++functions-common:is_service_enabled:2077  return 1
2024-03-21 08:25:44.465 | tput: No value for $TERM and no -T specified
2024-03-21 08:25:44.475 | tput: No value for $TERM and no -T specified
2024-03-21 08:25:44.475 | ++lib/neutron:source:67                     GITDIR["python-neutronclient"]=/opt/stack/python-neutronclient
2024-03-21 08:25:44.480 | tput: No value for $TERM and no -T specified
2024-03-21 08:25:44.490 | tput: No value for $TERM and no -T specified
2024-03-21 08:25:44.490 | ++lib/neutron:source:70                     NEUTRON_DIR=/opt/stack/neutron
2024-03-21 08:25:44.494 | tput: No value for $TERM and no -T specified
2024-03-21 08:25:44.502 | tput: No value for $TERM and no -T specified
2024-03-21 08:25:44.502 | ++lib/neutron:source:71                     NEUTRON_FWAAS_DIR=/opt/stack/neutron-fwaas
2024-03-21 08:25:44.505 | tput: No value for $TERM and no -T specified
2024-03-21 08:25:44.513 | tput: No value for $TERM and no -T specified
2024-03-21 08:25:44.513 | ++lib/neutron:source:74                     [[ -d /opt/stack/neutron/bin/neutron-server ]]
2024-03-21 08:25:44.520 | tput: No value for $TERM and no -T specified
2024-03-21 08:25:44.529 | tput: No value for $TERM and no -T specified
2024-03-21 08:25:44.530 | +++lib/neutron:source:77                     get_python_exec_prefix
2024-03-21 08:25:44.533 | tput: No value for $TERM and no -T specified
2024-03-21 08:25:44.542 | tput: No value for $TERM and no -T specified
2024-03-21 08:25:44.548 | tput: No value for $TERM and no -T specified
2024-03-21 08:25:44.549 | tput: No value for $TERM and no -T specified
2024-03-21 08:25:44.556 | tput: No value for $TERM and no -T specified
2024-03-21 08:25:44.557 | tput: No value for $TERM and no -T specified
2024-03-21 08:25:44.563 | tput: No value for $TERM and no -T specified
2024-03-21 08:25:44.571 | tput: No value for $TERM and no -T specified
2024-03-21 08:25:44.574 | tput: No value for $TERM and no -T specified
2024-03-21 08:25:44.581 | tput: No value for $TERM and no -T specified
2024-03-21 08:25:44.584 | tput: No value for $TERM and no -T specified
2024-03-21 08:25:44.591 | tput: No value for $TERM and no -T specified
2024-03-21 08:25:44.591 | +++inc/python:get_python_exec_prefix:81      [[ True == \T\r\u\e ]]
2024-03-21 08:25:44.593 | tput: No value for $TERM and no -T specified
2024-03-21 08:25:44.601 | tput: No value for $TERM and no -T specified
2024-03-21 08:25:44.602 | +++inc/python:get_python_exec_prefix:82      echo /opt/stack/data/venv/bin
2024-03-21 08:25:44.605 | tput: No value for $TERM and no -T specified
2024-03-21 08:25:44.612 | tput: No value for $TERM and no -T specified
2024-03-21 08:25:44.613 | ++lib/neutron:source:77                     NEUTRON_BIN_DIR=/opt/stack/data/venv/bin
2024-03-21 08:25:44.615 | tput: No value for $TERM and no -T specified
2024-03-21 08:25:44.623 | tput: No value for $TERM and no -T specified
2024-03-21 08:25:44.623 | ++lib/neutron:source:80                     NEUTRON_CONF_DIR=/etc/neutron
2024-03-21 08:25:44.626 | tput: No value for $TERM and no -T specified
2024-03-21 08:25:44.634 | tput: No value for $TERM and no -T specified
2024-03-21 08:25:44.635 | ++lib/neutron:source:81                     NEUTRON_CONF=/etc/neutron/neutron.conf
2024-03-21 08:25:44.638 | tput: No value for $TERM and no -T specified
2024-03-21 08:25:44.646 | tput: No value for $TERM and no -T specified
2024-03-21 08:25:44.646 | ++lib/neutron:source:82                     export NEUTRON_TEST_CONFIG_FILE=/etc/neutron/debug.ini
2024-03-21 08:25:44.651 | tput: No value for $TERM and no -T specified
2024-03-21 08:25:44.660 | tput: No value for $TERM and no -T specified
2024-03-21 08:25:44.660 | ++lib/neutron:source:82                     NEUTRON_TEST_CONFIG_FILE=/etc/neutron/debug.ini
2024-03-21 08:25:44.666 | tput: No value for $TERM and no -T specified
2024-03-21 08:25:44.676 | tput: No value for $TERM and no -T specified
2024-03-21 08:25:44.676 | +++lib/neutron:source:89                     trueorfalse False NEUTRON_DEPLOY_MOD_WSGI
2024-03-21 08:25:44.680 | tput: No value for $TERM and no -T specified
2024-03-21 08:25:44.688 | tput: No value for $TERM and no -T specified
2024-03-21 08:25:44.694 | tput: No value for $TERM and no -T specified
2024-03-21 08:25:44.694 | tput: No value for $TERM and no -T specified
2024-03-21 08:25:44.701 | tput: No value for $TERM and no -T specified
2024-03-21 08:25:44.702 | tput: No value for $TERM and no -T specified
2024-03-21 08:25:44.708 | tput: No value for $TERM and no -T specified
2024-03-21 08:25:44.715 | tput: No value for $TERM and no -T specified
2024-03-21 08:25:44.719 | tput: No value for $TERM and no -T specified
2024-03-21 08:25:44.726 | tput: No value for $TERM and no -T specified
2024-03-21 08:25:44.731 | tput: No value for $TERM and no -T specified
2024-03-21 08:25:44.740 | tput: No value for $TERM and no -T specified
2024-03-21 08:25:44.740 | ++lib/neutron:source:89                     NEUTRON_DEPLOY_MOD_WSGI=False
2024-03-21 08:25:44.744 | tput: No value for $TERM and no -T specified
2024-03-21 08:25:44.753 | tput: No value for $TERM and no -T specified
2024-03-21 08:25:44.753 | ++lib/neutron:source:91                     NEUTRON_UWSGI_CONF=/etc/neutron/neutron-api-uwsgi.ini
2024-03-21 08:25:44.758 | tput: No value for $TERM and no -T specified
2024-03-21 08:25:44.768 | tput: No value for $TERM and no -T specified
2024-03-21 08:25:44.768 | +++lib/neutron:source:97                     trueorfalse True NEUTRON_ENFORCE_SCOPE
2024-03-21 08:25:44.772 | tput: No value for $TERM and no -T specified
2024-03-21 08:25:44.781 | tput: No value for $TERM and no -T specified
2024-03-21 08:25:44.786 | tput: No value for $TERM and no -T specified
2024-03-21 08:25:44.788 | tput: No value for $TERM and no -T specified
2024-03-21 08:25:44.795 | tput: No value for $TERM and no -T specified
2024-03-21 08:25:44.795 | tput: No value for $TERM and no -T specified
2024-03-21 08:25:44.803 | tput: No value for $TERM and no -T specified
2024-03-21 08:25:44.810 | tput: No value for $TERM and no -T specified
2024-03-21 08:25:44.812 | tput: No value for $TERM and no -T specified
2024-03-21 08:25:44.819 | tput: No value for $TERM and no -T specified
2024-03-21 08:25:44.822 | tput: No value for $TERM and no -T specified
2024-03-21 08:25:44.829 | tput: No value for $TERM and no -T specified
2024-03-21 08:25:44.829 | ++lib/neutron:source:97                     NEUTRON_ENFORCE_SCOPE=True
2024-03-21 08:25:44.833 | tput: No value for $TERM and no -T specified
2024-03-21 08:25:44.842 | tput: No value for $TERM and no -T specified
2024-03-21 08:25:44.842 | ++lib/neutron:source:101                    AGENT_DHCP_BINARY=/opt/stack/data/venv/bin/neutron-dhcp-agent
2024-03-21 08:25:44.846 | tput: No value for $TERM and no -T specified
2024-03-21 08:25:44.854 | tput: No value for $TERM and no -T specified
2024-03-21 08:25:44.855 | ++lib/neutron:source:102                    AGENT_L3_BINARY=/opt/stack/data/venv/bin/neutron-l3-agent
2024-03-21 08:25:44.858 | tput: No value for $TERM and no -T specified
2024-03-21 08:25:44.867 | tput: No value for $TERM and no -T specified
2024-03-21 08:25:44.867 | ++lib/neutron:source:103                    AGENT_META_BINARY=/opt/stack/data/venv/bin/neutron-metadata-agent
2024-03-21 08:25:44.870 | tput: No value for $TERM and no -T specified
2024-03-21 08:25:44.881 | tput: No value for $TERM and no -T specified
2024-03-21 08:25:44.881 | ++lib/neutron:source:107                    Q_DHCP_CONF_FILE=/etc/neutron/dhcp_agent.ini
2024-03-21 08:25:44.885 | tput: No value for $TERM and no -T specified
2024-03-21 08:25:44.893 | tput: No value for $TERM and no -T specified
