2024-02-22 21:07:48.446 | tput: No value for $TERM and no -T specified
2024-02-22 21:07:48.446 | tput: No value for $TERM and no -T specified
2024-02-22 21:07:48.446 | +./stack.sh:main:516                       exec
2024-02-22 21:07:48.446 | tput: No value for $TERM and no -T specified
2024-02-22 21:07:48.446 | tput: No value for $TERM and no -T specified
2024-02-22 21:07:48.446 | tput: No value for $TERM and no -T specified
2024-02-22 21:07:48.446 | +./stack.sh:main:524                       echo_summary 'stack.sh log /tmp/devstack_logs/devstacklog.txt.2024-02-22-210748'
2024-02-22 21:07:48.446 | tput: No value for $TERM and no -T specified
2024-02-22 21:07:48.446 | ++./stack.sh:main:516                       /opt/stack/devstack/tools/outfilter.py -o /tmp/devstack_logs/devstacklog.txt.2024-02-22-210748.summary.2024-02-22-210748
2024-02-22 21:07:48.446 | tput: No value for $TERM and no -T specified
2024-02-22 21:07:48.446 | tput: No value for $TERM and no -T specified
2024-02-22 21:07:48.446 | +./stack.sh:echo_summary:468               [[ -t 3 ]]
2024-02-22 21:07:48.446 | tput: No value for $TERM and no -T specified
2024-02-22 21:07:48.446 | tput: No value for $TERM and no -T specified
2024-02-22 21:07:48.446 | +./stack.sh:echo_summary:474               echo -e stack.sh log /tmp/devstack_logs/devstacklog.txt.2024-02-22-210748
2024-02-22 21:07:48.446 | tput: No value for $TERM and no -T specified
2024-02-22 21:07:48.446 | tput: No value for $TERM and no -T specified
2024-02-22 21:07:48.446 | +./stack.sh:main:526                       ln -sf /tmp/devstack_logs/devstacklog.txt.2024-02-22-210748 /tmp/devstack_logs/devstacklog.txt
2024-02-22 21:07:48.449 | tput: No value for $TERM and no -T specified
2024-02-22 21:07:48.453 | tput: No value for $TERM and no -T specified
2024-02-22 21:07:48.453 | +./stack.sh:main:527                       ln -sf /tmp/devstack_logs/devstacklog.txt.2024-02-22-210748.summary.2024-02-22-210748 /tmp/devstack_logs/devstacklog.txt.summary
2024-02-22 21:07:48.456 | tput: No value for $TERM and no -T specified
2024-02-22 21:07:48.462 | tput: No value for $TERM and no -T specified
2024-02-22 21:07:48.462 | +./stack.sh:main:542                       check_path_perm_sanity /opt/stack
2024-02-22 21:07:48.464 | tput: No value for $TERM and no -T specified
2024-02-22 21:07:48.471 | tput: No value for $TERM and no -T specified
2024-02-22 21:07:48.471 | +functions:check_path_perm_sanity:607      local real_path
2024-02-22 21:07:48.476 | tput: No value for $TERM and no -T specified
2024-02-22 21:07:48.484 | tput: No value for $TERM and no -T specified
2024-02-22 21:07:48.484 | ++functions:check_path_perm_sanity:608      readlink -f /opt/stack
2024-02-22 21:07:48.490 | tput: No value for $TERM and no -T specified
2024-02-22 21:07:48.498 | tput: No value for $TERM and no -T specified
2024-02-22 21:07:48.499 | +functions:check_path_perm_sanity:608      real_path=/opt/stack
2024-02-22 21:07:48.502 | tput: No value for $TERM and no -T specified
2024-02-22 21:07:48.509 | tput: No value for $TERM and no -T specified
2024-02-22 21:07:48.510 | +functions:check_path_perm_sanity:609      local rebuilt_path=
2024-02-22 21:07:48.515 | tput: No value for $TERM and no -T specified
2024-02-22 21:07:48.516 | tput: No value for $TERM and no -T specified
2024-02-22 21:07:48.524 | tput: No value for $TERM and no -T specified
2024-02-22 21:07:48.524 | ++functions:check_path_perm_sanity:610      tr / ' '
2024-02-22 21:07:48.524 | tput: No value for $TERM and no -T specified
2024-02-22 21:07:48.525 | ++functions:check_path_perm_sanity:610      echo /opt/stack
2024-02-22 21:07:48.529 | tput: No value for $TERM and no -T specified
2024-02-22 21:07:48.535 | tput: No value for $TERM and no -T specified
2024-02-22 21:07:48.535 | +functions:check_path_perm_sanity:610      for i in $(echo ${real_path} | tr "/" " ")
2024-02-22 21:07:48.537 | tput: No value for $TERM and no -T specified
2024-02-22 21:07:48.542 | tput: No value for $TERM and no -T specified
2024-02-22 21:07:48.543 | +functions:check_path_perm_sanity:611      rebuilt_path=/opt
2024-02-22 21:07:48.546 | tput: No value for $TERM and no -T specified
2024-02-22 21:07:48.553 | tput: No value for $TERM and no -T specified
2024-02-22 21:07:48.553 | ++functions:check_path_perm_sanity:613      stat -c %a /opt
2024-02-22 21:07:48.558 | tput: No value for $TERM and no -T specified
2024-02-22 21:07:48.564 | tput: No value for $TERM and no -T specified
2024-02-22 21:07:48.565 | +functions:check_path_perm_sanity:613      [[ 755 = 700 ]]
2024-02-22 21:07:48.567 | tput: No value for $TERM and no -T specified
2024-02-22 21:07:48.575 | tput: No value for $TERM and no -T specified
2024-02-22 21:07:48.575 | +functions:check_path_perm_sanity:610      for i in $(echo ${real_path} | tr "/" " ")
2024-02-22 21:07:48.578 | tput: No value for $TERM and no -T specified
2024-02-22 21:07:48.586 | tput: No value for $TERM and no -T specified
2024-02-22 21:07:48.586 | +functions:check_path_perm_sanity:611      rebuilt_path=/opt/stack
2024-02-22 21:07:48.591 | tput: No value for $TERM and no -T specified
2024-02-22 21:07:48.599 | tput: No value for $TERM and no -T specified
2024-02-22 21:07:48.599 | ++functions:check_path_perm_sanity:613      stat -c %a /opt/stack
2024-02-22 21:07:48.605 | tput: No value for $TERM and no -T specified
2024-02-22 21:07:48.612 | tput: No value for $TERM and no -T specified
2024-02-22 21:07:48.613 | +functions:check_path_perm_sanity:613      [[ 777 = 700 ]]
2024-02-22 21:07:48.616 | tput: No value for $TERM and no -T specified
2024-02-22 21:07:48.624 | tput: No value for $TERM and no -T specified
2024-02-22 21:07:48.625 | +./stack.sh:main:548                       trap exit_trap EXIT
2024-02-22 21:07:48.629 | tput: No value for $TERM and no -T specified
2024-02-22 21:07:48.638 | tput: No value for $TERM and no -T specified
2024-02-22 21:07:48.639 | +./stack.sh:main:589                       trap err_trap ERR
2024-02-22 21:07:48.642 | tput: No value for $TERM and no -T specified
2024-02-22 21:07:48.649 | tput: No value for $TERM and no -T specified
2024-02-22 21:07:48.650 | +./stack.sh:main:602                       set -o errexit
2024-02-22 21:07:48.653 | tput: No value for $TERM and no -T specified
2024-02-22 21:07:48.662 | tput: No value for $TERM and no -T specified
2024-02-22 21:07:48.662 | +./stack.sh:main:605                       uname -a
2024-02-22 21:07:48.665 | Linux ubuntu 5.15.0-92-generic #102-Ubuntu SMP Wed Jan 10 09:33:48 UTC 2024 x86_64 x86_64 x86_64 GNU/Linux
2024-02-22 21:07:48.671 | tput: No value for $TERM and no -T specified
2024-02-22 21:07:48.679 | tput: No value for $TERM and no -T specified
2024-02-22 21:07:48.680 | +./stack.sh:main:608                       SSL_BUNDLE_FILE=/opt/stack/data/ca-bundle.pem
2024-02-22 21:07:48.683 | tput: No value for $TERM and no -T specified
2024-02-22 21:07:48.689 | tput: No value for $TERM and no -T specified
2024-02-22 21:07:48.690 | +./stack.sh:main:609                       rm -f /opt/stack/data/ca-bundle.pem
2024-02-22 21:07:48.693 | tput: No value for $TERM and no -T specified
2024-02-22 21:07:48.700 | tput: No value for $TERM and no -T specified
2024-02-22 21:07:48.701 | +./stack.sh:main:612                       source /opt/stack/devstack/lib/database
2024-02-22 21:07:48.705 | tput: No value for $TERM and no -T specified
2024-02-22 21:07:48.705 | tput: No value for $TERM and no -T specified
2024-02-22 21:07:48.710 | tput: No value for $TERM and no -T specified
2024-02-22 21:07:48.711 | tput: No value for $TERM and no -T specified
2024-02-22 21:07:48.715 | tput: No value for $TERM and no -T specified
2024-02-22 21:07:48.719 | tput: No value for $TERM and no -T specified
2024-02-22 21:07:48.722 | tput: No value for $TERM and no -T specified
2024-02-22 21:07:48.726 | tput: No value for $TERM and no -T specified
2024-02-22 21:07:48.781 | tput: No value for $TERM and no -T specified
2024-02-22 21:07:48.789 | tput: No value for $TERM and no -T specified
2024-02-22 21:07:48.789 | +./stack.sh:main:613                       source /opt/stack/devstack/lib/rpc_backend
2024-02-22 21:07:48.795 | tput: No value for $TERM and no -T specified
2024-02-22 21:07:48.796 | tput: No value for $TERM and no -T specified
2024-02-22 21:07:48.804 | tput: No value for $TERM and no -T specified
2024-02-22 21:07:48.805 | tput: No value for $TERM and no -T specified
2024-02-22 21:07:48.811 | tput: No value for $TERM and no -T specified
2024-02-22 21:07:48.818 | tput: No value for $TERM and no -T specified
2024-02-22 21:07:48.821 | tput: No value for $TERM and no -T specified
2024-02-22 21:07:48.828 | tput: No value for $TERM and no -T specified
2024-02-22 21:07:48.842 | tput: No value for $TERM and no -T specified
2024-02-22 21:07:48.849 | tput: No value for $TERM and no -T specified
2024-02-22 21:07:48.849 | +./stack.sh:main:619                       fetch_plugins
2024-02-22 21:07:48.853 | tput: No value for $TERM and no -T specified
2024-02-22 21:07:48.862 | tput: No value for $TERM and no -T specified
2024-02-22 21:07:48.862 | +functions-common:fetch_plugins:1767       local plugins=
2024-02-22 21:07:48.866 | tput: No value for $TERM and no -T specified
2024-02-22 21:07:48.874 | tput: No value for $TERM and no -T specified
2024-02-22 21:07:48.875 | +functions-common:fetch_plugins:1768       local plugin
2024-02-22 21:07:48.878 | tput: No value for $TERM and no -T specified
2024-02-22 21:07:48.886 | tput: No value for $TERM and no -T specified
2024-02-22 21:07:48.886 | +functions-common:fetch_plugins:1771       [[ -z '' ]]
2024-02-22 21:07:48.889 | tput: No value for $TERM and no -T specified
2024-02-22 21:07:48.896 | tput: No value for $TERM and no -T specified
2024-02-22 21:07:48.897 | +functions-common:fetch_plugins:1772       return
2024-02-22 21:07:48.901 | tput: No value for $TERM and no -T specified
2024-02-22 21:07:48.909 | tput: No value for $TERM and no -T specified
2024-02-22 21:07:48.909 | +./stack.sh:main:623                       run_phase override_defaults
2024-02-22 21:07:48.913 | tput: No value for $TERM and no -T specified
2024-02-22 21:07:48.922 | tput: No value for $TERM and no -T specified
2024-02-22 21:07:48.922 | +functions-common:run_phase:1849           local mode=override_defaults
2024-02-22 21:07:48.926 | tput: No value for $TERM and no -T specified
2024-02-22 21:07:48.933 | tput: No value for $TERM and no -T specified
2024-02-22 21:07:48.933 | +functions-common:run_phase:1850           local phase=
2024-02-22 21:07:48.937 | tput: No value for $TERM and no -T specified
2024-02-22 21:07:48.945 | tput: No value for $TERM and no -T specified
2024-02-22 21:07:48.946 | +functions-common:run_phase:1851           [[ -d /opt/stack/devstack/extras.d ]]
2024-02-22 21:07:48.949 | tput: No value for $TERM and no -T specified
2024-02-22 21:07:48.957 | tput: No value for $TERM and no -T specified
2024-02-22 21:07:48.958 | +functions-common:run_phase:1852           local extra_plugin_file_name
2024-02-22 21:07:48.962 | tput: No value for $TERM and no -T specified
2024-02-22 21:07:48.971 | tput: No value for $TERM and no -T specified
2024-02-22 21:07:48.971 | +functions-common:run_phase:1853           for extra_plugin_file_name in $TOP_DIR/extras.d/*.sh
2024-02-22 21:07:48.974 | tput: No value for $TERM and no -T specified
2024-02-22 21:07:48.982 | tput: No value for $TERM and no -T specified
2024-02-22 21:07:48.983 | +functions-common:run_phase:1858           local exceptions=80-tempest.sh
2024-02-22 21:07:48.987 | tput: No value for $TERM and no -T specified
2024-02-22 21:07:48.994 | tput: No value for $TERM and no -T specified
2024-02-22 21:07:48.995 | +functions-common:run_phase:1859           local extra
2024-02-22 21:07:49.000 | tput: No value for $TERM and no -T specified
2024-02-22 21:07:49.008 | tput: No value for $TERM and no -T specified
2024-02-22 21:07:49.009 | ++functions-common:run_phase:1860           basename /opt/stack/devstack/extras.d/80-tempest.sh
2024-02-22 21:07:49.015 | tput: No value for $TERM and no -T specified
2024-02-22 21:07:49.023 | tput: No value for $TERM and no -T specified
2024-02-22 21:07:49.023 | +functions-common:run_phase:1860           extra=80-tempest.sh
2024-02-22 21:07:49.027 | tput: No value for $TERM and no -T specified
2024-02-22 21:07:49.035 | tput: No value for $TERM and no -T specified
2024-02-22 21:07:49.036 | +functions-common:run_phase:1861           [[ 80-tempest.sh =~ 80-tempest\.sh ]]
2024-02-22 21:07:49.041 | tput: No value for $TERM and no -T specified
2024-02-22 21:07:49.048 | tput: No value for $TERM and no -T specified
2024-02-22 21:07:49.049 | +functions-common:run_phase:1865           [[ -r /opt/stack/devstack/extras.d/80-tempest.sh ]]
2024-02-22 21:07:49.053 | tput: No value for $TERM and no -T specified
2024-02-22 21:07:49.061 | tput: No value for $TERM and no -T specified
2024-02-22 21:07:49.062 | +functions-common:run_phase:1865           source /opt/stack/devstack/extras.d/80-tempest.sh override_defaults
2024-02-22 21:07:49.066 | tput: No value for $TERM and no -T specified
2024-02-22 21:07:49.074 | tput: No value for $TERM and no -T specified
2024-02-22 21:07:49.075 | ++extras.d/80-tempest.sh:source:3           is_service_enabled tempest
2024-02-22 21:07:49.078 | tput: No value for $TERM and no -T specified
2024-02-22 21:07:49.086 | tput: No value for $TERM and no -T specified
2024-02-22 21:07:49.092 | tput: No value for $TERM and no -T specified
2024-02-22 21:07:49.093 | tput: No value for $TERM and no -T specified
2024-02-22 21:07:49.100 | tput: No value for $TERM and no -T specified
2024-02-22 21:07:49.101 | tput: No value for $TERM and no -T specified
2024-02-22 21:07:49.108 | tput: No value for $TERM and no -T specified
2024-02-22 21:07:49.114 | tput: No value for $TERM and no -T specified
2024-02-22 21:07:49.117 | tput: No value for $TERM and no -T specified
2024-02-22 21:07:49.125 | tput: No value for $TERM and no -T specified
2024-02-22 21:07:49.130 | tput: No value for $TERM and no -T specified
2024-02-22 21:07:49.138 | tput: No value for $TERM and no -T specified
2024-02-22 21:07:49.138 | ++functions-common:is_service_enabled:2077  return 0
2024-02-22 21:07:49.142 | tput: No value for $TERM and no -T specified
2024-02-22 21:07:49.151 | tput: No value for $TERM and no -T specified
2024-02-22 21:07:49.152 | ++extras.d/80-tempest.sh:source:4           [[ override_defaults == \s\o\u\r\c\e ]]
2024-02-22 21:07:49.155 | tput: No value for $TERM and no -T specified
2024-02-22 21:07:49.164 | tput: No value for $TERM and no -T specified
2024-02-22 21:07:49.164 | ++extras.d/80-tempest.sh:source:7           [[ override_defaults == \s\t\a\c\k ]]
2024-02-22 21:07:49.168 | tput: No value for $TERM and no -T specified
2024-02-22 21:07:49.177 | tput: No value for $TERM and no -T specified
2024-02-22 21:07:49.177 | ++extras.d/80-tempest.sh:source:10          [[ override_defaults == \s\t\a\c\k ]]
2024-02-22 21:07:49.181 | tput: No value for $TERM and no -T specified
2024-02-22 21:07:49.189 | tput: No value for $TERM and no -T specified
2024-02-22 21:07:49.190 | ++extras.d/80-tempest.sh:source:13          [[ override_defaults == \s\t\a\c\k ]]
2024-02-22 21:07:49.194 | tput: No value for $TERM and no -T specified
2024-02-22 21:07:49.202 | tput: No value for $TERM and no -T specified
2024-02-22 21:07:49.202 | ++extras.d/80-tempest.sh:source:16          [[ override_defaults == \s\t\a\c\k ]]
2024-02-22 21:07:49.206 | tput: No value for $TERM and no -T specified
2024-02-22 21:07:49.213 | tput: No value for $TERM and no -T specified
2024-02-22 21:07:49.213 | ++extras.d/80-tempest.sh:source:19          [[ override_defaults == \s\t\a\c\k ]]
2024-02-22 21:07:49.217 | tput: No value for $TERM and no -T specified
2024-02-22 21:07:49.225 | tput: No value for $TERM and no -T specified
2024-02-22 21:07:49.226 | ++extras.d/80-tempest.sh:source:27          [[ override_defaults == \u\n\s\t\a\c\k ]]
2024-02-22 21:07:49.230 | tput: No value for $TERM and no -T specified
2024-02-22 21:07:49.237 | tput: No value for $TERM and no -T specified
2024-02-22 21:07:49.238 | ++extras.d/80-tempest.sh:source:32          [[ override_defaults == \c\l\e\a\n ]]
2024-02-22 21:07:49.241 | tput: No value for $TERM and no -T specified
2024-02-22 21:07:49.250 | tput: No value for $TERM and no -T specified
2024-02-22 21:07:49.251 | +functions-common:run_phase:1870           [[ override_defaults == \s\o\u\r\c\e ]]
2024-02-22 21:07:49.255 | tput: No value for $TERM and no -T specified
2024-02-22 21:07:49.263 | tput: No value for $TERM and no -T specified
2024-02-22 21:07:49.263 | +functions-common:run_phase:1873           [[ override_defaults == \o\v\e\r\r\i\d\e\_\d\e\f\a\u\l\t\s ]]
2024-02-22 21:07:49.267 | tput: No value for $TERM and no -T specified
2024-02-22 21:07:49.276 | tput: No value for $TERM and no -T specified
2024-02-22 21:07:49.277 | +functions-common:run_phase:1874           plugin_override_defaults
2024-02-22 21:07:49.281 | tput: No value for $TERM and no -T specified
2024-02-22 21:07:49.289 | tput: No value for $TERM and no -T specified
2024-02-22 21:07:49.290 | +functions-common:plugin_override_defaults:1808  local plugins=
2024-02-22 21:07:49.294 | tput: No value for $TERM and no -T specified
2024-02-22 21:07:49.303 | tput: No value for $TERM and no -T specified
2024-02-22 21:07:49.303 | +functions-common:plugin_override_defaults:1809  local plugin
2024-02-22 21:07:49.306 | tput: No value for $TERM and no -T specified
2024-02-22 21:07:49.315 | tput: No value for $TERM and no -T specified
2024-02-22 21:07:49.316 | +functions-common:plugin_override_defaults:1812  [[ -z '' ]]
2024-02-22 21:07:49.319 | tput: No value for $TERM and no -T specified
2024-02-22 21:07:49.327 | tput: No value for $TERM and no -T specified
2024-02-22 21:07:49.327 | +functions-common:plugin_override_defaults:1813  return
2024-02-22 21:07:49.331 | tput: No value for $TERM and no -T specified
2024-02-22 21:07:49.340 | tput: No value for $TERM and no -T specified
2024-02-22 21:07:49.341 | +./stack.sh:main:626                       source /opt/stack/devstack/lib/apache
2024-02-22 21:07:49.348 | tput: No value for $TERM and no -T specified
2024-02-22 21:07:49.349 | tput: No value for $TERM and no -T specified
2024-02-22 21:07:49.358 | tput: No value for $TERM and no -T specified
2024-02-22 21:07:49.359 | tput: No value for $TERM and no -T specified
2024-02-22 21:07:49.365 | tput: No value for $TERM and no -T specified
2024-02-22 21:07:49.373 | tput: No value for $TERM and no -T specified
2024-02-22 21:07:49.377 | tput: No value for $TERM and no -T specified
2024-02-22 21:07:49.384 | tput: No value for $TERM and no -T specified
2024-02-22 21:07:49.400 | tput: No value for $TERM and no -T specified
2024-02-22 21:07:49.408 | tput: No value for $TERM and no -T specified
2024-02-22 21:07:49.409 | +./stack.sh:main:629                       source /opt/stack/devstack/lib/tls
2024-02-22 21:07:49.413 | tput: No value for $TERM and no -T specified
2024-02-22 21:07:49.422 | tput: No value for $TERM and no -T specified
2024-02-22 21:07:49.422 | ++lib/tls:source:38                         is_service_enabled tls-proxy
2024-02-22 21:07:49.426 | tput: No value for $TERM and no -T specified
2024-02-22 21:07:49.435 | tput: No value for $TERM and no -T specified
2024-02-22 21:07:49.441 | tput: No value for $TERM and no -T specified
2024-02-22 21:07:49.442 | tput: No value for $TERM and no -T specified
2024-02-22 21:07:49.449 | tput: No value for $TERM and no -T specified
2024-02-22 21:07:49.450 | tput: No value for $TERM and no -T specified
2024-02-22 21:07:49.455 | tput: No value for $TERM and no -T specified
2024-02-22 21:07:49.462 | tput: No value for $TERM and no -T specified
2024-02-22 21:07:49.465 | tput: No value for $TERM and no -T specified
2024-02-22 21:07:49.472 | tput: No value for $TERM and no -T specified
2024-02-22 21:07:49.476 | tput: No value for $TERM and no -T specified
2024-02-22 21:07:49.483 | tput: No value for $TERM and no -T specified
2024-02-22 21:07:49.483 | ++functions-common:is_service_enabled:2077  return 1
2024-02-22 21:07:49.488 | tput: No value for $TERM and no -T specified
2024-02-22 21:07:49.496 | tput: No value for $TERM and no -T specified
2024-02-22 21:07:49.497 | +++lib/tls:source:43                         hostname -f
2024-02-22 21:07:49.503 | tput: No value for $TERM and no -T specified
2024-02-22 21:07:49.512 | tput: No value for $TERM and no -T specified
2024-02-22 21:07:49.512 | ++lib/tls:source:43                         DEVSTACK_HOSTNAME=localhost
2024-02-22 21:07:49.516 | tput: No value for $TERM and no -T specified
2024-02-22 21:07:49.524 | tput: No value for $TERM and no -T specified
2024-02-22 21:07:49.525 | ++lib/tls:source:44                         DEVSTACK_CERT_NAME=devstack-cert
2024-02-22 21:07:49.529 | tput: No value for $TERM and no -T specified
2024-02-22 21:07:49.538 | tput: No value for $TERM and no -T specified
2024-02-22 21:07:49.538 | ++lib/tls:source:45                         DEVSTACK_CERT=/opt/stack/data/devstack-cert.pem
2024-02-22 21:07:49.542 | tput: No value for $TERM and no -T specified
2024-02-22 21:07:49.551 | tput: No value for $TERM and no -T specified
2024-02-22 21:07:49.551 | ++lib/tls:source:48                         ROOT_CA_DIR=/opt/stack/data/CA/root-ca
2024-02-22 21:07:49.555 | tput: No value for $TERM and no -T specified
2024-02-22 21:07:49.564 | tput: No value for $TERM and no -T specified
2024-02-22 21:07:49.564 | ++lib/tls:source:49                         INT_CA_DIR=/opt/stack/data/CA/int-ca
2024-02-22 21:07:49.568 | tput: No value for $TERM and no -T specified
2024-02-22 21:07:49.576 | tput: No value for $TERM and no -T specified
2024-02-22 21:07:49.577 | ++lib/tls:source:51                         ORG_NAME=OpenStack
2024-02-22 21:07:49.581 | tput: No value for $TERM and no -T specified
2024-02-22 21:07:49.590 | tput: No value for $TERM and no -T specified
2024-02-22 21:07:49.590 | ++lib/tls:source:52                         ORG_UNIT_NAME=DevStack
2024-02-22 21:07:49.594 | tput: No value for $TERM and no -T specified
2024-02-22 21:07:49.602 | tput: No value for $TERM and no -T specified
2024-02-22 21:07:49.603 | ++lib/tls:source:55                         STUD_PROTO=--tls
2024-02-22 21:07:49.606 | tput: No value for $TERM and no -T specified
2024-02-22 21:07:49.613 | tput: No value for $TERM and no -T specified
2024-02-22 21:07:49.613 | ++lib/tls:source:56                         STUD_CIPHERS='TLSv1+HIGH:!DES:!aNULL:!eNULL:@STRENGTH'
2024-02-22 21:07:49.617 | tput: No value for $TERM and no -T specified
2024-02-22 21:07:49.626 | tput: No value for $TERM and no -T specified
2024-02-22 21:07:49.626 | ++lib/tls:source:63                         OPENSSL=/usr/bin/openssl
2024-02-22 21:07:49.638 | tput: No value for $TERM and no -T specified
2024-02-22 21:07:49.647 | tput: No value for $TERM and no -T specified
2024-02-22 21:07:49.647 | +./stack.sh:main:632                       source /opt/stack/devstack/lib/infra
2024-02-22 21:07:49.654 | tput: No value for $TERM and no -T specified
2024-02-22 21:07:49.655 | tput: No value for $TERM and no -T specified
2024-02-22 21:07:49.661 | tput: No value for $TERM and no -T specified
2024-02-22 21:07:49.663 | tput: No value for $TERM and no -T specified
2024-02-22 21:07:49.667 | tput: No value for $TERM and no -T specified
2024-02-22 21:07:49.675 | tput: No value for $TERM and no -T specified
2024-02-22 21:07:49.679 | tput: No value for $TERM and no -T specified
2024-02-22 21:07:49.689 | tput: No value for $TERM and no -T specified
2024-02-22 21:07:49.694 | tput: No value for $TERM and no -T specified
2024-02-22 21:07:49.702 | tput: No value for $TERM and no -T specified
2024-02-22 21:07:49.702 | +./stack.sh:main:633                       source /opt/stack/devstack/lib/libraries
2024-02-22 21:07:49.709 | tput: No value for $TERM and no -T specified
2024-02-22 21:07:49.709 | tput: No value for $TERM and no -T specified
2024-02-22 21:07:49.717 | tput: No value for $TERM and no -T specified
2024-02-22 21:07:49.719 | tput: No value for $TERM and no -T specified
2024-02-22 21:07:49.727 | tput: No value for $TERM and no -T specified
2024-02-22 21:07:49.736 | tput: No value for $TERM and no -T specified
2024-02-22 21:07:49.741 | tput: No value for $TERM and no -T specified
2024-02-22 21:07:49.749 | tput: No value for $TERM and no -T specified
2024-02-22 21:07:49.766 | tput: No value for $TERM and no -T specified
2024-02-22 21:07:49.774 | tput: No value for $TERM and no -T specified
2024-02-22 21:07:49.775 | +./stack.sh:main:634                       source /opt/stack/devstack/lib/lvm
2024-02-22 21:07:49.781 | tput: No value for $TERM and no -T specified
2024-02-22 21:07:49.781 | tput: No value for $TERM and no -T specified
2024-02-22 21:07:49.788 | tput: No value for $TERM and no -T specified
2024-02-22 21:07:49.789 | tput: No value for $TERM and no -T specified
2024-02-22 21:07:49.796 | tput: No value for $TERM and no -T specified
2024-02-22 21:07:49.804 | tput: No value for $TERM and no -T specified
2024-02-22 21:07:49.807 | tput: No value for $TERM and no -T specified
2024-02-22 21:07:49.815 | tput: No value for $TERM and no -T specified
2024-02-22 21:07:49.823 | tput: No value for $TERM and no -T specified
2024-02-22 21:07:49.832 | tput: No value for $TERM and no -T specified
2024-02-22 21:07:49.833 | +./stack.sh:main:635                       source /opt/stack/devstack/lib/horizon
2024-02-22 21:07:49.839 | tput: No value for $TERM and no -T specified
2024-02-22 21:07:49.840 | tput: No value for $TERM and no -T specified
2024-02-22 21:07:49.847 | tput: No value for $TERM and no -T specified
2024-02-22 21:07:49.848 | tput: No value for $TERM and no -T specified
2024-02-22 21:07:49.855 | tput: No value for $TERM and no -T specified
2024-02-22 21:07:49.862 | tput: No value for $TERM and no -T specified
2024-02-22 21:07:49.865 | tput: No value for $TERM and no -T specified
2024-02-22 21:07:49.874 | tput: No value for $TERM and no -T specified
2024-02-22 21:07:49.882 | tput: No value for $TERM and no -T specified
2024-02-22 21:07:49.891 | tput: No value for $TERM and no -T specified
2024-02-22 21:07:49.891 | +./stack.sh:main:636                       source /opt/stack/devstack/lib/keystone
2024-02-22 21:07:49.897 | tput: No value for $TERM and no -T specified
2024-02-22 21:07:49.899 | tput: No value for $TERM and no -T specified
2024-02-22 21:07:49.905 | tput: No value for $TERM and no -T specified
2024-02-22 21:07:49.906 | tput: No value for $TERM and no -T specified
2024-02-22 21:07:49.911 | tput: No value for $TERM and no -T specified
2024-02-22 21:07:49.920 | tput: No value for $TERM and no -T specified
2024-02-22 21:07:49.925 | tput: No value for $TERM and no -T specified
2024-02-22 21:07:49.933 | tput: No value for $TERM and no -T specified
2024-02-22 21:07:49.986 | tput: No value for $TERM and no -T specified
2024-02-22 21:07:49.995 | tput: No value for $TERM and no -T specified
2024-02-22 21:07:49.996 | +./stack.sh:main:637                       source /opt/stack/devstack/lib/glance
2024-02-22 21:07:50.003 | tput: No value for $TERM and no -T specified
2024-02-22 21:07:50.004 | tput: No value for $TERM and no -T specified
2024-02-22 21:07:50.012 | tput: No value for $TERM and no -T specified
2024-02-22 21:07:50.013 | tput: No value for $TERM and no -T specified
2024-02-22 21:07:50.017 | tput: No value for $TERM and no -T specified
2024-02-22 21:07:50.025 | tput: No value for $TERM and no -T specified
2024-02-22 21:07:50.030 | tput: No value for $TERM and no -T specified
2024-02-22 21:07:50.038 | tput: No value for $TERM and no -T specified
2024-02-22 21:07:50.148 | tput: No value for $TERM and no -T specified
2024-02-22 21:07:50.157 | tput: No value for $TERM and no -T specified
2024-02-22 21:07:50.157 | +./stack.sh:main:638                       source /opt/stack/devstack/lib/nova
2024-02-22 21:07:50.164 | tput: No value for $TERM and no -T specified
2024-02-22 21:07:50.165 | tput: No value for $TERM and no -T specified
2024-02-22 21:07:50.173 | tput: No value for $TERM and no -T specified
2024-02-22 21:07:50.173 | tput: No value for $TERM and no -T specified
2024-02-22 21:07:50.180 | tput: No value for $TERM and no -T specified
2024-02-22 21:07:50.186 | tput: No value for $TERM and no -T specified
2024-02-22 21:07:50.190 | tput: No value for $TERM and no -T specified
2024-02-22 21:07:50.198 | tput: No value for $TERM and no -T specified
2024-02-22 21:07:50.361 | tput: No value for $TERM and no -T specified
2024-02-22 21:07:50.371 | tput: No value for $TERM and no -T specified
2024-02-22 21:07:50.371 | +./stack.sh:main:639                       source /opt/stack/devstack/lib/placement
2024-02-22 21:07:50.378 | tput: No value for $TERM and no -T specified
2024-02-22 21:07:50.379 | tput: No value for $TERM and no -T specified
2024-02-22 21:07:50.386 | tput: No value for $TERM and no -T specified
2024-02-22 21:07:50.387 | tput: No value for $TERM and no -T specified
2024-02-22 21:07:50.392 | tput: No value for $TERM and no -T specified
2024-02-22 21:07:50.398 | tput: No value for $TERM and no -T specified
2024-02-22 21:07:50.401 | tput: No value for $TERM and no -T specified
2024-02-22 21:07:50.407 | tput: No value for $TERM and no -T specified
2024-02-22 21:07:50.441 | tput: No value for $TERM and no -T specified
2024-02-22 21:07:50.451 | tput: No value for $TERM and no -T specified
2024-02-22 21:07:50.451 | +./stack.sh:main:640                       source /opt/stack/devstack/lib/cinder
2024-02-22 21:07:50.457 | tput: No value for $TERM and no -T specified
2024-02-22 21:07:50.459 | tput: No value for $TERM and no -T specified
2024-02-22 21:07:50.464 | tput: No value for $TERM and no -T specified
2024-02-22 21:07:50.467 | tput: No value for $TERM and no -T specified
2024-02-22 21:07:50.474 | tput: No value for $TERM and no -T specified
2024-02-22 21:07:50.481 | tput: No value for $TERM and no -T specified
2024-02-22 21:07:50.485 | tput: No value for $TERM and no -T specified
2024-02-22 21:07:50.492 | tput: No value for $TERM and no -T specified
2024-02-22 21:07:50.562 | tput: No value for $TERM and no -T specified
2024-02-22 21:07:50.572 | tput: No value for $TERM and no -T specified
2024-02-22 21:07:50.573 | +./stack.sh:main:641                       source /opt/stack/devstack/lib/swift
2024-02-22 21:07:50.581 | tput: No value for $TERM and no -T specified
2024-02-22 21:07:50.581 | tput: No value for $TERM and no -T specified
2024-02-22 21:07:50.590 | tput: No value for $TERM and no -T specified
2024-02-22 21:07:50.590 | tput: No value for $TERM and no -T specified
2024-02-22 21:07:50.597 | tput: No value for $TERM and no -T specified
2024-02-22 21:07:50.607 | tput: No value for $TERM and no -T specified
2024-02-22 21:07:50.612 | tput: No value for $TERM and no -T specified
2024-02-22 21:07:50.621 | tput: No value for $TERM and no -T specified
2024-02-22 21:07:50.709 | tput: No value for $TERM and no -T specified
2024-02-22 21:07:50.720 | tput: No value for $TERM and no -T specified
2024-02-22 21:07:50.720 | +./stack.sh:main:642                       source /opt/stack/devstack/lib/neutron
2024-02-22 21:07:50.726 | tput: No value for $TERM and no -T specified
2024-02-22 21:07:50.735 | tput: No value for $TERM and no -T specified
2024-02-22 21:07:50.736 | ++lib/neutron:source:61                     is_service_enabled tls-proxy
2024-02-22 21:07:50.741 | tput: No value for $TERM and no -T specified
2024-02-22 21:07:50.750 | tput: No value for $TERM and no -T specified
2024-02-22 21:07:50.756 | tput: No value for $TERM and no -T specified
2024-02-22 21:07:50.758 | tput: No value for $TERM and no -T specified
2024-02-22 21:07:50.765 | tput: No value for $TERM and no -T specified
2024-02-22 21:07:50.767 | tput: No value for $TERM and no -T specified
2024-02-22 21:07:50.775 | tput: No value for $TERM and no -T specified
2024-02-22 21:07:50.784 | tput: No value for $TERM and no -T specified
2024-02-22 21:07:50.789 | tput: No value for $TERM and no -T specified
2024-02-22 21:07:50.798 | tput: No value for $TERM and no -T specified
2024-02-22 21:07:50.803 | tput: No value for $TERM and no -T specified
2024-02-22 21:07:50.812 | tput: No value for $TERM and no -T specified
2024-02-22 21:07:50.812 | ++functions-common:is_service_enabled:2077  return 1
2024-02-22 21:07:50.816 | tput: No value for $TERM and no -T specified
2024-02-22 21:07:50.826 | tput: No value for $TERM and no -T specified
2024-02-22 21:07:50.827 | ++lib/neutron:source:67                     GITDIR["python-neutronclient"]=/opt/stack/python-neutronclient
2024-02-22 21:07:50.832 | tput: No value for $TERM and no -T specified
2024-02-22 21:07:50.841 | tput: No value for $TERM and no -T specified
2024-02-22 21:07:50.841 | ++lib/neutron:source:70                     NEUTRON_DIR=/opt/stack/neutron
2024-02-22 21:07:50.846 | tput: No value for $TERM and no -T specified
2024-02-22 21:07:50.855 | tput: No value for $TERM and no -T specified
2024-02-22 21:07:50.856 | ++lib/neutron:source:71                     NEUTRON_FWAAS_DIR=/opt/stack/neutron-fwaas
2024-02-22 21:07:50.861 | tput: No value for $TERM and no -T specified
2024-02-22 21:07:50.870 | tput: No value for $TERM and no -T specified
2024-02-22 21:07:50.871 | ++lib/neutron:source:74                     [[ -d /opt/stack/neutron/bin/neutron-server ]]
2024-02-22 21:07:50.876 | tput: No value for $TERM and no -T specified
2024-02-22 21:07:50.886 | tput: No value for $TERM and no -T specified
2024-02-22 21:07:50.887 | +++lib/neutron:source:77                     get_python_exec_prefix
2024-02-22 21:07:50.890 | tput: No value for $TERM and no -T specified
2024-02-22 21:07:50.897 | tput: No value for $TERM and no -T specified
2024-02-22 21:07:50.903 | tput: No value for $TERM and no -T specified
2024-02-22 21:07:50.904 | tput: No value for $TERM and no -T specified
2024-02-22 21:07:50.911 | tput: No value for $TERM and no -T specified
2024-02-22 21:07:50.911 | tput: No value for $TERM and no -T specified
2024-02-22 21:07:50.917 | tput: No value for $TERM and no -T specified
2024-02-22 21:07:50.924 | tput: No value for $TERM and no -T specified
2024-02-22 21:07:50.927 | tput: No value for $TERM and no -T specified
2024-02-22 21:07:50.933 | tput: No value for $TERM and no -T specified
2024-02-22 21:07:50.935 | tput: No value for $TERM and no -T specified
2024-02-22 21:07:50.942 | tput: No value for $TERM and no -T specified
2024-02-22 21:07:50.942 | +++inc/python:get_python_exec_prefix:81      [[ True == \T\r\u\e ]]
2024-02-22 21:07:50.947 | tput: No value for $TERM and no -T specified
2024-02-22 21:07:50.954 | tput: No value for $TERM and no -T specified
2024-02-22 21:07:50.954 | +++inc/python:get_python_exec_prefix:82      echo /opt/stack/data/venv/bin
2024-02-22 21:07:50.959 | tput: No value for $TERM and no -T specified
2024-02-22 21:07:50.967 | tput: No value for $TERM and no -T specified
2024-02-22 21:07:50.967 | ++lib/neutron:source:77                     NEUTRON_BIN_DIR=/opt/stack/data/venv/bin
2024-02-22 21:07:50.971 | tput: No value for $TERM and no -T specified
2024-02-22 21:07:50.980 | tput: No value for $TERM and no -T specified
2024-02-22 21:07:50.980 | ++lib/neutron:source:80                     NEUTRON_CONF_DIR=/etc/neutron
2024-02-22 21:07:50.984 | tput: No value for $TERM and no -T specified
2024-02-22 21:07:50.993 | tput: No value for $TERM and no -T specified
2024-02-22 21:07:50.994 | ++lib/neutron:source:81                     NEUTRON_CONF=/etc/neutron/neutron.conf
2024-02-22 21:07:50.997 | tput: No value for $TERM and no -T specified
2024-02-22 21:07:51.005 | tput: No value for $TERM and no -T specified
2024-02-22 21:07:51.005 | ++lib/neutron:source:82                     export NEUTRON_TEST_CONFIG_FILE=/etc/neutron/debug.ini
2024-02-22 21:07:51.009 | tput: No value for $TERM and no -T specified
2024-02-22 21:07:51.018 | tput: No value for $TERM and no -T specified
2024-02-22 21:07:51.018 | ++lib/neutron:source:82                     NEUTRON_TEST_CONFIG_FILE=/etc/neutron/debug.ini
2024-02-22 21:07:51.025 | tput: No value for $TERM and no -T specified
2024-02-22 21:07:51.034 | tput: No value for $TERM and no -T specified
2024-02-22 21:07:51.035 | +++lib/neutron:source:89                     trueorfalse False NEUTRON_DEPLOY_MOD_WSGI
2024-02-22 21:07:51.039 | tput: No value for $TERM and no -T specified
2024-02-22 21:07:51.047 | tput: No value for $TERM and no -T specified
2024-02-22 21:07:51.054 | tput: No value for $TERM and no -T specified
2024-02-22 21:07:51.054 | tput: No value for $TERM and no -T specified
2024-02-22 21:07:51.063 | tput: No value for $TERM and no -T specified
2024-02-22 21:07:51.063 | tput: No value for $TERM and no -T specified
2024-02-22 21:07:51.070 | tput: No value for $TERM and no -T specified
2024-02-22 21:07:51.077 | tput: No value for $TERM and no -T specified
2024-02-22 21:07:51.079 | tput: No value for $TERM and no -T specified
2024-02-22 21:07:51.087 | tput: No value for $TERM and no -T specified
2024-02-22 21:07:51.092 | tput: No value for $TERM and no -T specified
2024-02-22 21:07:51.101 | tput: No value for $TERM and no -T specified
2024-02-22 21:07:51.102 | ++lib/neutron:source:89                     NEUTRON_DEPLOY_MOD_WSGI=False
2024-02-22 21:07:51.106 | tput: No value for $TERM and no -T specified
2024-02-22 21:07:51.115 | tput: No value for $TERM and no -T specified
2024-02-22 21:07:51.116 | ++lib/neutron:source:91                     NEUTRON_UWSGI_CONF=/etc/neutron/neutron-api-uwsgi.ini
2024-02-22 21:07:51.121 | tput: No value for $TERM and no -T specified
2024-02-22 21:07:51.129 | tput: No value for $TERM and no -T specified
2024-02-22 21:07:51.130 | +++lib/neutron:source:97                     trueorfalse True NEUTRON_ENFORCE_SCOPE
2024-02-22 21:07:51.133 | tput: No value for $TERM and no -T specified
2024-02-22 21:07:51.142 | tput: No value for $TERM and no -T specified
2024-02-22 21:07:51.149 | tput: No value for $TERM and no -T specified
2024-02-22 21:07:51.150 | tput: No value for $TERM and no -T specified
2024-02-22 21:07:51.158 | tput: No value for $TERM and no -T specified
2024-02-22 21:07:51.159 | tput: No value for $TERM and no -T specified
2024-02-22 21:07:51.166 | tput: No value for $TERM and no -T specified
2024-02-22 21:07:51.174 | tput: No value for $TERM and no -T specified
2024-02-22 21:07:51.177 | tput: No value for $TERM and no -T specified
2024-02-22 21:07:51.185 | tput: No value for $TERM and no -T specified
2024-02-22 21:07:51.190 | tput: No value for $TERM and no -T specified
2024-02-22 21:07:51.200 | tput: No value for $TERM and no -T specified
2024-02-22 21:07:51.200 | ++lib/neutron:source:97                     NEUTRON_ENFORCE_SCOPE=True
2024-02-22 21:07:51.205 | tput: No value for $TERM and no -T specified
2024-02-22 21:07:51.214 | tput: No value for $TERM and no -T specified
2024-02-22 21:07:51.215 | ++lib/neutron:source:101                    AGENT_DHCP_BINARY=/opt/stack/data/venv/bin/neutron-dhcp-agent
2024-02-22 21:07:51.218 | tput: No value for $TERM and no -T specified
2024-02-22 21:07:51.228 | tput: No value for $TERM and no -T specified
2024-02-22 21:07:51.229 | ++lib/neutron:source:102                    AGENT_L3_BINARY=/opt/stack/data/venv/bin/neutron-l3-agent
2024-02-22 21:07:51.233 | tput: No value for $TERM and no -T specified
2024-02-22 21:07:51.239 | tput: No value for $TERM and no -T specified
2024-02-22 21:07:51.239 | ++lib/neutron:source:103                    AGENT_META_BINARY=/opt/stack/data/venv/bin/neutron-metadata-agent
2024-02-22 21:07:51.242 | tput: No value for $TERM and no -T specified
2024-02-22 21:07:51.250 | tput: No value for $TERM and no -T specified
2024-02-22 21:07:51.250 | ++lib/neutron:source:107                    Q_DHCP_CONF_FILE=/etc/neutron/dhcp_agent.ini
2024-02-22 21:07:51.254 | tput: No value for $TERM and no -T specified
2024-02-22 21:07:51.262 | tput: No value for $TERM and no -T specified
