2024-03-28 11:09:49.246 | tput: No value for $TERM and no -T specified
2024-03-28 11:09:49.246 | tput: No value for $TERM and no -T specified
2024-03-28 11:09:49.246 | +./stack.sh:main:516                       exec
2024-03-28 11:09:49.246 | tput: No value for $TERM and no -T specified
2024-03-28 11:09:49.246 | tput: No value for $TERM and no -T specified
2024-03-28 11:09:49.246 | tput: No value for $TERM and no -T specified
2024-03-28 11:09:49.246 | +./stack.sh:main:524                       echo_summary 'stack.sh log /tmp/devstack_logs/devstacklog.txt.2024-03-28-110949'
2024-03-28 11:09:49.246 | tput: No value for $TERM and no -T specified
2024-03-28 11:09:49.246 | ++./stack.sh:main:516                       /opt/stack/devstack/tools/outfilter.py -o /tmp/devstack_logs/devstacklog.txt.2024-03-28-110949.summary.2024-03-28-110949
2024-03-28 11:09:49.246 | tput: No value for $TERM and no -T specified
2024-03-28 11:09:49.246 | tput: No value for $TERM and no -T specified
2024-03-28 11:09:49.246 | +./stack.sh:echo_summary:468               [[ -t 3 ]]
2024-03-28 11:09:49.246 | tput: No value for $TERM and no -T specified
2024-03-28 11:09:49.246 | tput: No value for $TERM and no -T specified
2024-03-28 11:09:49.246 | +./stack.sh:echo_summary:474               echo -e stack.sh log /tmp/devstack_logs/devstacklog.txt.2024-03-28-110949
2024-03-28 11:09:49.246 | tput: No value for $TERM and no -T specified
2024-03-28 11:09:49.246 | tput: No value for $TERM and no -T specified
2024-03-28 11:09:49.246 | +./stack.sh:main:526                       ln -sf /tmp/devstack_logs/devstacklog.txt.2024-03-28-110949 /tmp/devstack_logs/devstacklog.txt
2024-03-28 11:09:49.246 | tput: No value for $TERM and no -T specified
2024-03-28 11:09:49.249 | tput: No value for $TERM and no -T specified
2024-03-28 11:09:49.249 | +./stack.sh:main:527                       ln -sf /tmp/devstack_logs/devstacklog.txt.2024-03-28-110949.summary.2024-03-28-110949 /tmp/devstack_logs/devstacklog.txt.summary
2024-03-28 11:09:49.254 | tput: No value for $TERM and no -T specified
2024-03-28 11:09:49.260 | tput: No value for $TERM and no -T specified
2024-03-28 11:09:49.260 | +./stack.sh:main:542                       check_path_perm_sanity /opt/stack
2024-03-28 11:09:49.263 | tput: No value for $TERM and no -T specified
2024-03-28 11:09:49.267 | tput: No value for $TERM and no -T specified
2024-03-28 11:09:49.267 | +functions:check_path_perm_sanity:607      local real_path
2024-03-28 11:09:49.271 | tput: No value for $TERM and no -T specified
2024-03-28 11:09:49.274 | tput: No value for $TERM and no -T specified
2024-03-28 11:09:49.275 | ++functions:check_path_perm_sanity:608      readlink -f /opt/stack
2024-03-28 11:09:49.278 | tput: No value for $TERM and no -T specified
2024-03-28 11:09:49.284 | tput: No value for $TERM and no -T specified
2024-03-28 11:09:49.284 | +functions:check_path_perm_sanity:608      real_path=/opt/stack
2024-03-28 11:09:49.289 | tput: No value for $TERM and no -T specified
2024-03-28 11:09:49.297 | tput: No value for $TERM and no -T specified
2024-03-28 11:09:49.297 | +functions:check_path_perm_sanity:609      local rebuilt_path=
2024-03-28 11:09:49.302 | tput: No value for $TERM and no -T specified
2024-03-28 11:09:49.309 | tput: No value for $TERM and no -T specified
2024-03-28 11:09:49.314 | tput: No value for $TERM and no -T specified
2024-03-28 11:09:49.315 | ++functions:check_path_perm_sanity:610      echo /opt/stack
2024-03-28 11:09:49.315 | tput: No value for $TERM and no -T specified
2024-03-28 11:09:49.315 | ++functions:check_path_perm_sanity:610      tr / ' '
2024-03-28 11:09:49.318 | tput: No value for $TERM and no -T specified
2024-03-28 11:09:49.322 | tput: No value for $TERM and no -T specified
2024-03-28 11:09:49.322 | +functions:check_path_perm_sanity:610      for i in $(echo ${real_path} | tr "/" " ")
2024-03-28 11:09:49.323 | tput: No value for $TERM and no -T specified
2024-03-28 11:09:49.328 | tput: No value for $TERM and no -T specified
2024-03-28 11:09:49.328 | +functions:check_path_perm_sanity:611      rebuilt_path=/opt
2024-03-28 11:09:49.331 | tput: No value for $TERM and no -T specified
2024-03-28 11:09:49.336 | tput: No value for $TERM and no -T specified
2024-03-28 11:09:49.336 | ++functions:check_path_perm_sanity:613      stat -c %a /opt
2024-03-28 11:09:49.339 | tput: No value for $TERM and no -T specified
2024-03-28 11:09:49.344 | tput: No value for $TERM and no -T specified
2024-03-28 11:09:49.344 | +functions:check_path_perm_sanity:613      [[ 755 = 700 ]]
2024-03-28 11:09:49.346 | tput: No value for $TERM and no -T specified
2024-03-28 11:09:49.352 | tput: No value for $TERM and no -T specified
2024-03-28 11:09:49.352 | +functions:check_path_perm_sanity:610      for i in $(echo ${real_path} | tr "/" " ")
2024-03-28 11:09:49.355 | tput: No value for $TERM and no -T specified
2024-03-28 11:09:49.361 | tput: No value for $TERM and no -T specified
2024-03-28 11:09:49.361 | +functions:check_path_perm_sanity:611      rebuilt_path=/opt/stack
2024-03-28 11:09:49.364 | tput: No value for $TERM and no -T specified
2024-03-28 11:09:49.369 | tput: No value for $TERM and no -T specified
2024-03-28 11:09:49.370 | ++functions:check_path_perm_sanity:613      stat -c %a /opt/stack
2024-03-28 11:09:49.375 | tput: No value for $TERM and no -T specified
2024-03-28 11:09:49.381 | tput: No value for $TERM and no -T specified
2024-03-28 11:09:49.381 | +functions:check_path_perm_sanity:613      [[ 777 = 700 ]]
2024-03-28 11:09:49.384 | tput: No value for $TERM and no -T specified
2024-03-28 11:09:49.391 | tput: No value for $TERM and no -T specified
2024-03-28 11:09:49.391 | +./stack.sh:main:548                       trap exit_trap EXIT
2024-03-28 11:09:49.396 | tput: No value for $TERM and no -T specified
2024-03-28 11:09:49.404 | tput: No value for $TERM and no -T specified
2024-03-28 11:09:49.405 | +./stack.sh:main:589                       trap err_trap ERR
2024-03-28 11:09:49.409 | tput: No value for $TERM and no -T specified
2024-03-28 11:09:49.417 | tput: No value for $TERM and no -T specified
2024-03-28 11:09:49.417 | +./stack.sh:main:602                       set -o errexit
2024-03-28 11:09:49.421 | tput: No value for $TERM and no -T specified
2024-03-28 11:09:49.428 | tput: No value for $TERM and no -T specified
2024-03-28 11:09:49.429 | +./stack.sh:main:605                       uname -a
2024-03-28 11:09:49.432 | Linux ubuntu 5.15.0-92-generic #102-Ubuntu SMP Wed Jan 10 09:33:48 UTC 2024 x86_64 x86_64 x86_64 GNU/Linux
2024-03-28 11:09:49.436 | tput: No value for $TERM and no -T specified
2024-03-28 11:09:49.444 | tput: No value for $TERM and no -T specified
2024-03-28 11:09:49.445 | +./stack.sh:main:608                       SSL_BUNDLE_FILE=/opt/stack/data/ca-bundle.pem
2024-03-28 11:09:49.448 | tput: No value for $TERM and no -T specified
2024-03-28 11:09:49.456 | tput: No value for $TERM and no -T specified
2024-03-28 11:09:49.457 | +./stack.sh:main:609                       rm -f /opt/stack/data/ca-bundle.pem
2024-03-28 11:09:49.463 | tput: No value for $TERM and no -T specified
2024-03-28 11:09:49.470 | tput: No value for $TERM and no -T specified
2024-03-28 11:09:49.471 | +./stack.sh:main:612                       source /opt/stack/devstack/lib/database
2024-03-28 11:09:49.477 | tput: No value for $TERM and no -T specified
2024-03-28 11:09:49.478 | tput: No value for $TERM and no -T specified
2024-03-28 11:09:49.484 | tput: No value for $TERM and no -T specified
2024-03-28 11:09:49.486 | tput: No value for $TERM and no -T specified
2024-03-28 11:09:49.494 | tput: No value for $TERM and no -T specified
2024-03-28 11:09:49.500 | tput: No value for $TERM and no -T specified
2024-03-28 11:09:49.503 | tput: No value for $TERM and no -T specified
2024-03-28 11:09:49.510 | tput: No value for $TERM and no -T specified
2024-03-28 11:09:49.563 | tput: No value for $TERM and no -T specified
2024-03-28 11:09:49.570 | tput: No value for $TERM and no -T specified
2024-03-28 11:09:49.571 | +./stack.sh:main:613                       source /opt/stack/devstack/lib/rpc_backend
2024-03-28 11:09:49.577 | tput: No value for $TERM and no -T specified
2024-03-28 11:09:49.578 | tput: No value for $TERM and no -T specified
2024-03-28 11:09:49.585 | tput: No value for $TERM and no -T specified
2024-03-28 11:09:49.587 | tput: No value for $TERM and no -T specified
2024-03-28 11:09:49.594 | tput: No value for $TERM and no -T specified
2024-03-28 11:09:49.600 | tput: No value for $TERM and no -T specified
2024-03-28 11:09:49.603 | tput: No value for $TERM and no -T specified
2024-03-28 11:09:49.611 | tput: No value for $TERM and no -T specified
2024-03-28 11:09:49.625 | tput: No value for $TERM and no -T specified
2024-03-28 11:09:49.634 | tput: No value for $TERM and no -T specified
2024-03-28 11:09:49.635 | +./stack.sh:main:619                       fetch_plugins
2024-03-28 11:09:49.639 | tput: No value for $TERM and no -T specified
2024-03-28 11:09:49.646 | tput: No value for $TERM and no -T specified
2024-03-28 11:09:49.647 | +functions-common:fetch_plugins:1767       local plugins=
2024-03-28 11:09:49.651 | tput: No value for $TERM and no -T specified
2024-03-28 11:09:49.658 | tput: No value for $TERM and no -T specified
2024-03-28 11:09:49.659 | +functions-common:fetch_plugins:1768       local plugin
2024-03-28 11:09:49.662 | tput: No value for $TERM and no -T specified
2024-03-28 11:09:49.670 | tput: No value for $TERM and no -T specified
2024-03-28 11:09:49.671 | +functions-common:fetch_plugins:1771       [[ -z '' ]]
2024-03-28 11:09:49.674 | tput: No value for $TERM and no -T specified
2024-03-28 11:09:49.681 | tput: No value for $TERM and no -T specified
2024-03-28 11:09:49.681 | +functions-common:fetch_plugins:1772       return
2024-03-28 11:09:49.684 | tput: No value for $TERM and no -T specified
2024-03-28 11:09:49.693 | tput: No value for $TERM and no -T specified
2024-03-28 11:09:49.694 | +./stack.sh:main:623                       run_phase override_defaults
2024-03-28 11:09:49.698 | tput: No value for $TERM and no -T specified
2024-03-28 11:09:49.706 | tput: No value for $TERM and no -T specified
2024-03-28 11:09:49.706 | +functions-common:run_phase:1849           local mode=override_defaults
2024-03-28 11:09:49.710 | tput: No value for $TERM and no -T specified
2024-03-28 11:09:49.718 | tput: No value for $TERM and no -T specified
2024-03-28 11:09:49.719 | +functions-common:run_phase:1850           local phase=
2024-03-28 11:09:49.722 | tput: No value for $TERM and no -T specified
2024-03-28 11:09:49.729 | tput: No value for $TERM and no -T specified
2024-03-28 11:09:49.729 | +functions-common:run_phase:1851           [[ -d /opt/stack/devstack/extras.d ]]
2024-03-28 11:09:49.733 | tput: No value for $TERM and no -T specified
2024-03-28 11:09:49.741 | tput: No value for $TERM and no -T specified
2024-03-28 11:09:49.741 | +functions-common:run_phase:1852           local extra_plugin_file_name
2024-03-28 11:09:49.744 | tput: No value for $TERM and no -T specified
2024-03-28 11:09:49.752 | tput: No value for $TERM and no -T specified
2024-03-28 11:09:49.753 | +functions-common:run_phase:1853           for extra_plugin_file_name in $TOP_DIR/extras.d/*.sh
2024-03-28 11:09:49.756 | tput: No value for $TERM and no -T specified
2024-03-28 11:09:49.764 | tput: No value for $TERM and no -T specified
2024-03-28 11:09:49.764 | +functions-common:run_phase:1858           local exceptions=80-tempest.sh
2024-03-28 11:09:49.768 | tput: No value for $TERM and no -T specified
2024-03-28 11:09:49.776 | tput: No value for $TERM and no -T specified
2024-03-28 11:09:49.777 | +functions-common:run_phase:1859           local extra
2024-03-28 11:09:49.781 | tput: No value for $TERM and no -T specified
2024-03-28 11:09:49.787 | tput: No value for $TERM and no -T specified
2024-03-28 11:09:49.788 | ++functions-common:run_phase:1860           basename /opt/stack/devstack/extras.d/80-tempest.sh
2024-03-28 11:09:49.793 | tput: No value for $TERM and no -T specified
2024-03-28 11:09:49.801 | tput: No value for $TERM and no -T specified
2024-03-28 11:09:49.801 | +functions-common:run_phase:1860           extra=80-tempest.sh
2024-03-28 11:09:49.804 | tput: No value for $TERM and no -T specified
2024-03-28 11:09:49.811 | tput: No value for $TERM and no -T specified
2024-03-28 11:09:49.811 | +functions-common:run_phase:1861           [[ 80-tempest.sh =~ 80-tempest\.sh ]]
2024-03-28 11:09:49.814 | tput: No value for $TERM and no -T specified
2024-03-28 11:09:49.822 | tput: No value for $TERM and no -T specified
2024-03-28 11:09:49.822 | +functions-common:run_phase:1865           [[ -r /opt/stack/devstack/extras.d/80-tempest.sh ]]
2024-03-28 11:09:49.825 | tput: No value for $TERM and no -T specified
2024-03-28 11:09:49.832 | tput: No value for $TERM and no -T specified
2024-03-28 11:09:49.832 | +functions-common:run_phase:1865           source /opt/stack/devstack/extras.d/80-tempest.sh override_defaults
2024-03-28 11:09:49.836 | tput: No value for $TERM and no -T specified
2024-03-28 11:09:49.844 | tput: No value for $TERM and no -T specified
2024-03-28 11:09:49.844 | ++extras.d/80-tempest.sh:source:3           is_service_enabled tempest
2024-03-28 11:09:49.849 | tput: No value for $TERM and no -T specified
2024-03-28 11:09:49.855 | tput: No value for $TERM and no -T specified
2024-03-28 11:09:49.860 | tput: No value for $TERM and no -T specified
2024-03-28 11:09:49.861 | tput: No value for $TERM and no -T specified
2024-03-28 11:09:49.868 | tput: No value for $TERM and no -T specified
2024-03-28 11:09:49.869 | tput: No value for $TERM and no -T specified
2024-03-28 11:09:49.874 | tput: No value for $TERM and no -T specified
2024-03-28 11:09:49.880 | tput: No value for $TERM and no -T specified
2024-03-28 11:09:49.883 | tput: No value for $TERM and no -T specified
2024-03-28 11:09:49.888 | tput: No value for $TERM and no -T specified
2024-03-28 11:09:49.892 | tput: No value for $TERM and no -T specified
2024-03-28 11:09:49.896 | tput: No value for $TERM and no -T specified
2024-03-28 11:09:49.896 | ++functions-common:is_service_enabled:2077  return 0
2024-03-28 11:09:49.898 | tput: No value for $TERM and no -T specified
2024-03-28 11:09:49.904 | tput: No value for $TERM and no -T specified
2024-03-28 11:09:49.904 | ++extras.d/80-tempest.sh:source:4           [[ override_defaults == \s\o\u\r\c\e ]]
2024-03-28 11:09:49.906 | tput: No value for $TERM and no -T specified
2024-03-28 11:09:49.911 | tput: No value for $TERM and no -T specified
2024-03-28 11:09:49.912 | ++extras.d/80-tempest.sh:source:7           [[ override_defaults == \s\t\a\c\k ]]
2024-03-28 11:09:49.913 | tput: No value for $TERM and no -T specified
2024-03-28 11:09:49.919 | tput: No value for $TERM and no -T specified
2024-03-28 11:09:49.919 | ++extras.d/80-tempest.sh:source:10          [[ override_defaults == \s\t\a\c\k ]]
2024-03-28 11:09:49.923 | tput: No value for $TERM and no -T specified
2024-03-28 11:09:49.930 | tput: No value for $TERM and no -T specified
2024-03-28 11:09:49.930 | ++extras.d/80-tempest.sh:source:13          [[ override_defaults == \s\t\a\c\k ]]
2024-03-28 11:09:49.934 | tput: No value for $TERM and no -T specified
2024-03-28 11:09:49.941 | tput: No value for $TERM and no -T specified
2024-03-28 11:09:49.941 | ++extras.d/80-tempest.sh:source:16          [[ override_defaults == \s\t\a\c\k ]]
2024-03-28 11:09:49.945 | tput: No value for $TERM and no -T specified
2024-03-28 11:09:49.951 | tput: No value for $TERM and no -T specified
2024-03-28 11:09:49.952 | ++extras.d/80-tempest.sh:source:19          [[ override_defaults == \s\t\a\c\k ]]
2024-03-28 11:09:49.954 | tput: No value for $TERM and no -T specified
2024-03-28 11:09:49.961 | tput: No value for $TERM and no -T specified
2024-03-28 11:09:49.962 | ++extras.d/80-tempest.sh:source:27          [[ override_defaults == \u\n\s\t\a\c\k ]]
2024-03-28 11:09:49.964 | tput: No value for $TERM and no -T specified
2024-03-28 11:09:49.973 | tput: No value for $TERM and no -T specified
2024-03-28 11:09:49.974 | ++extras.d/80-tempest.sh:source:32          [[ override_defaults == \c\l\e\a\n ]]
2024-03-28 11:09:49.977 | tput: No value for $TERM and no -T specified
2024-03-28 11:09:49.987 | tput: No value for $TERM and no -T specified
2024-03-28 11:09:49.987 | +functions-common:run_phase:1870           [[ override_defaults == \s\o\u\r\c\e ]]
2024-03-28 11:09:49.990 | tput: No value for $TERM and no -T specified
2024-03-28 11:09:49.997 | tput: No value for $TERM and no -T specified
2024-03-28 11:09:49.997 | +functions-common:run_phase:1873           [[ override_defaults == \o\v\e\r\r\i\d\e\_\d\e\f\a\u\l\t\s ]]
2024-03-28 11:09:50.000 | tput: No value for $TERM and no -T specified
2024-03-28 11:09:50.007 | tput: No value for $TERM and no -T specified
2024-03-28 11:09:50.008 | +functions-common:run_phase:1874           plugin_override_defaults
2024-03-28 11:09:50.010 | tput: No value for $TERM and no -T specified
2024-03-28 11:09:50.017 | tput: No value for $TERM and no -T specified
2024-03-28 11:09:50.018 | +functions-common:plugin_override_defaults:1808  local plugins=
2024-03-28 11:09:50.020 | tput: No value for $TERM and no -T specified
2024-03-28 11:09:50.028 | tput: No value for $TERM and no -T specified
2024-03-28 11:09:50.028 | +functions-common:plugin_override_defaults:1809  local plugin
2024-03-28 11:09:50.030 | tput: No value for $TERM and no -T specified
2024-03-28 11:09:50.037 | tput: No value for $TERM and no -T specified
2024-03-28 11:09:50.037 | +functions-common:plugin_override_defaults:1812  [[ -z '' ]]
2024-03-28 11:09:50.040 | tput: No value for $TERM and no -T specified
2024-03-28 11:09:50.046 | tput: No value for $TERM and no -T specified
2024-03-28 11:09:50.046 | +functions-common:plugin_override_defaults:1813  return
2024-03-28 11:09:50.048 | tput: No value for $TERM and no -T specified
2024-03-28 11:09:50.058 | tput: No value for $TERM and no -T specified
2024-03-28 11:09:50.058 | +./stack.sh:main:626                       source /opt/stack/devstack/lib/apache
2024-03-28 11:09:50.065 | tput: No value for $TERM and no -T specified
2024-03-28 11:09:50.066 | tput: No value for $TERM and no -T specified
2024-03-28 11:09:50.074 | tput: No value for $TERM and no -T specified
2024-03-28 11:09:50.074 | tput: No value for $TERM and no -T specified
2024-03-28 11:09:50.079 | tput: No value for $TERM and no -T specified
2024-03-28 11:09:50.087 | tput: No value for $TERM and no -T specified
2024-03-28 11:09:50.090 | tput: No value for $TERM and no -T specified
2024-03-28 11:09:50.097 | tput: No value for $TERM and no -T specified
2024-03-28 11:09:50.112 | tput: No value for $TERM and no -T specified
2024-03-28 11:09:50.121 | tput: No value for $TERM and no -T specified
2024-03-28 11:09:50.121 | +./stack.sh:main:629                       source /opt/stack/devstack/lib/tls
2024-03-28 11:09:50.125 | tput: No value for $TERM and no -T specified
2024-03-28 11:09:50.133 | tput: No value for $TERM and no -T specified
2024-03-28 11:09:50.134 | ++lib/tls:source:38                         is_service_enabled tls-proxy
2024-03-28 11:09:50.138 | tput: No value for $TERM and no -T specified
2024-03-28 11:09:50.145 | tput: No value for $TERM and no -T specified
2024-03-28 11:09:50.150 | tput: No value for $TERM and no -T specified
2024-03-28 11:09:50.151 | tput: No value for $TERM and no -T specified
2024-03-28 11:09:50.157 | tput: No value for $TERM and no -T specified
2024-03-28 11:09:50.158 | tput: No value for $TERM and no -T specified
2024-03-28 11:09:50.163 | tput: No value for $TERM and no -T specified
2024-03-28 11:09:50.168 | tput: No value for $TERM and no -T specified
2024-03-28 11:09:50.171 | tput: No value for $TERM and no -T specified
2024-03-28 11:09:50.178 | tput: No value for $TERM and no -T specified
2024-03-28 11:09:50.181 | tput: No value for $TERM and no -T specified
2024-03-28 11:09:50.190 | tput: No value for $TERM and no -T specified
2024-03-28 11:09:50.190 | ++functions-common:is_service_enabled:2077  return 1
2024-03-28 11:09:50.195 | tput: No value for $TERM and no -T specified
2024-03-28 11:09:50.202 | tput: No value for $TERM and no -T specified
2024-03-28 11:09:50.203 | +++lib/tls:source:43                         hostname -f
2024-03-28 11:09:50.209 | tput: No value for $TERM and no -T specified
2024-03-28 11:09:50.217 | tput: No value for $TERM and no -T specified
2024-03-28 11:09:50.218 | ++lib/tls:source:43                         DEVSTACK_HOSTNAME=localhost
2024-03-28 11:09:50.222 | tput: No value for $TERM and no -T specified
2024-03-28 11:09:50.231 | tput: No value for $TERM and no -T specified
2024-03-28 11:09:50.231 | ++lib/tls:source:44                         DEVSTACK_CERT_NAME=devstack-cert
2024-03-28 11:09:50.237 | tput: No value for $TERM and no -T specified
2024-03-28 11:09:50.245 | tput: No value for $TERM and no -T specified
2024-03-28 11:09:50.246 | ++lib/tls:source:45                         DEVSTACK_CERT=/opt/stack/data/devstack-cert.pem
2024-03-28 11:09:50.248 | tput: No value for $TERM and no -T specified
2024-03-28 11:09:50.257 | tput: No value for $TERM and no -T specified
2024-03-28 11:09:50.257 | ++lib/tls:source:48                         ROOT_CA_DIR=/opt/stack/data/CA/root-ca
2024-03-28 11:09:50.261 | tput: No value for $TERM and no -T specified
2024-03-28 11:09:50.269 | tput: No value for $TERM and no -T specified
2024-03-28 11:09:50.270 | ++lib/tls:source:49                         INT_CA_DIR=/opt/stack/data/CA/int-ca
2024-03-28 11:09:50.273 | tput: No value for $TERM and no -T specified
2024-03-28 11:09:50.280 | tput: No value for $TERM and no -T specified
2024-03-28 11:09:50.281 | ++lib/tls:source:51                         ORG_NAME=OpenStack
2024-03-28 11:09:50.284 | tput: No value for $TERM and no -T specified
2024-03-28 11:09:50.291 | tput: No value for $TERM and no -T specified
2024-03-28 11:09:50.291 | ++lib/tls:source:52                         ORG_UNIT_NAME=DevStack
2024-03-28 11:09:50.293 | tput: No value for $TERM and no -T specified
2024-03-28 11:09:50.300 | tput: No value for $TERM and no -T specified
2024-03-28 11:09:50.300 | ++lib/tls:source:55                         STUD_PROTO=--tls
2024-03-28 11:09:50.302 | tput: No value for $TERM and no -T specified
2024-03-28 11:09:50.308 | tput: No value for $TERM and no -T specified
2024-03-28 11:09:50.308 | ++lib/tls:source:56                         STUD_CIPHERS='TLSv1+HIGH:!DES:!aNULL:!eNULL:@STRENGTH'
2024-03-28 11:09:50.310 | tput: No value for $TERM and no -T specified
2024-03-28 11:09:50.318 | tput: No value for $TERM and no -T specified
2024-03-28 11:09:50.319 | ++lib/tls:source:63                         OPENSSL=/usr/bin/openssl
2024-03-28 11:09:50.330 | tput: No value for $TERM and no -T specified
2024-03-28 11:09:50.339 | tput: No value for $TERM and no -T specified
2024-03-28 11:09:50.340 | +./stack.sh:main:632                       source /opt/stack/devstack/lib/infra
2024-03-28 11:09:50.346 | tput: No value for $TERM and no -T specified
2024-03-28 11:09:50.346 | tput: No value for $TERM and no -T specified
2024-03-28 11:09:50.353 | tput: No value for $TERM and no -T specified
2024-03-28 11:09:50.355 | tput: No value for $TERM and no -T specified
2024-03-28 11:09:50.359 | tput: No value for $TERM and no -T specified
2024-03-28 11:09:50.365 | tput: No value for $TERM and no -T specified
2024-03-28 11:09:50.369 | tput: No value for $TERM and no -T specified
2024-03-28 11:09:50.378 | tput: No value for $TERM and no -T specified
2024-03-28 11:09:50.383 | tput: No value for $TERM and no -T specified
2024-03-28 11:09:50.390 | tput: No value for $TERM and no -T specified
2024-03-28 11:09:50.390 | +./stack.sh:main:633                       source /opt/stack/devstack/lib/libraries
2024-03-28 11:09:50.396 | tput: No value for $TERM and no -T specified
2024-03-28 11:09:50.397 | tput: No value for $TERM and no -T specified
2024-03-28 11:09:50.402 | tput: No value for $TERM and no -T specified
2024-03-28 11:09:50.404 | tput: No value for $TERM and no -T specified
2024-03-28 11:09:50.410 | tput: No value for $TERM and no -T specified
2024-03-28 11:09:50.415 | tput: No value for $TERM and no -T specified
2024-03-28 11:09:50.419 | tput: No value for $TERM and no -T specified
2024-03-28 11:09:50.423 | tput: No value for $TERM and no -T specified
2024-03-28 11:09:50.434 | tput: No value for $TERM and no -T specified
2024-03-28 11:09:50.441 | tput: No value for $TERM and no -T specified
2024-03-28 11:09:50.441 | +./stack.sh:main:634                       source /opt/stack/devstack/lib/lvm
2024-03-28 11:09:50.444 | tput: No value for $TERM and no -T specified
2024-03-28 11:09:50.446 | tput: No value for $TERM and no -T specified
2024-03-28 11:09:50.448 | tput: No value for $TERM and no -T specified
2024-03-28 11:09:50.454 | tput: No value for $TERM and no -T specified
2024-03-28 11:09:50.457 | tput: No value for $TERM and no -T specified
2024-03-28 11:09:50.462 | tput: No value for $TERM and no -T specified
2024-03-28 11:09:50.464 | tput: No value for $TERM and no -T specified
2024-03-28 11:09:50.467 | tput: No value for $TERM and no -T specified
2024-03-28 11:09:50.473 | tput: No value for $TERM and no -T specified
2024-03-28 11:09:50.479 | tput: No value for $TERM and no -T specified
2024-03-28 11:09:50.479 | +./stack.sh:main:635                       source /opt/stack/devstack/lib/horizon
2024-03-28 11:09:50.483 | tput: No value for $TERM and no -T specified
2024-03-28 11:09:50.483 | tput: No value for $TERM and no -T specified
2024-03-28 11:09:50.487 | tput: No value for $TERM and no -T specified
2024-03-28 11:09:50.490 | tput: No value for $TERM and no -T specified
2024-03-28 11:09:50.494 | tput: No value for $TERM and no -T specified
2024-03-28 11:09:50.498 | tput: No value for $TERM and no -T specified
2024-03-28 11:09:50.499 | tput: No value for $TERM and no -T specified
2024-03-28 11:09:50.504 | tput: No value for $TERM and no -T specified
2024-03-28 11:09:50.507 | tput: No value for $TERM and no -T specified
2024-03-28 11:09:50.513 | tput: No value for $TERM and no -T specified
2024-03-28 11:09:50.513 | +./stack.sh:main:636                       source /opt/stack/devstack/lib/keystone
2024-03-28 11:09:50.516 | tput: No value for $TERM and no -T specified
2024-03-28 11:09:50.518 | tput: No value for $TERM and no -T specified
2024-03-28 11:09:50.521 | tput: No value for $TERM and no -T specified
2024-03-28 11:09:50.525 | tput: No value for $TERM and no -T specified
2024-03-28 11:09:50.527 | tput: No value for $TERM and no -T specified
2024-03-28 11:09:50.533 | tput: No value for $TERM and no -T specified
2024-03-28 11:09:50.535 | tput: No value for $TERM and no -T specified
2024-03-28 11:09:50.542 | tput: No value for $TERM and no -T specified
2024-03-28 11:09:50.594 | tput: No value for $TERM and no -T specified
2024-03-28 11:09:50.603 | tput: No value for $TERM and no -T specified
2024-03-28 11:09:50.603 | +./stack.sh:main:637                       source /opt/stack/devstack/lib/glance
2024-03-28 11:09:50.609 | tput: No value for $TERM and no -T specified
2024-03-28 11:09:50.609 | tput: No value for $TERM and no -T specified
2024-03-28 11:09:50.616 | tput: No value for $TERM and no -T specified
2024-03-28 11:09:50.616 | tput: No value for $TERM and no -T specified
2024-03-28 11:09:50.620 | tput: No value for $TERM and no -T specified
2024-03-28 11:09:50.624 | tput: No value for $TERM and no -T specified
2024-03-28 11:09:50.626 | tput: No value for $TERM and no -T specified
2024-03-28 11:09:50.630 | tput: No value for $TERM and no -T specified
2024-03-28 11:09:50.677 | tput: No value for $TERM and no -T specified
2024-03-28 11:09:50.683 | tput: No value for $TERM and no -T specified
2024-03-28 11:09:50.683 | +./stack.sh:main:638                       source /opt/stack/devstack/lib/nova
2024-03-28 11:09:50.687 | tput: No value for $TERM and no -T specified
2024-03-28 11:09:50.688 | tput: No value for $TERM and no -T specified
2024-03-28 11:09:50.693 | tput: No value for $TERM and no -T specified
2024-03-28 11:09:50.693 | tput: No value for $TERM and no -T specified
2024-03-28 11:09:50.699 | tput: No value for $TERM and no -T specified
2024-03-28 11:09:50.703 | tput: No value for $TERM and no -T specified
2024-03-28 11:09:50.705 | tput: No value for $TERM and no -T specified
2024-03-28 11:09:50.709 | tput: No value for $TERM and no -T specified
2024-03-28 11:09:50.832 | tput: No value for $TERM and no -T specified
2024-03-28 11:09:50.841 | tput: No value for $TERM and no -T specified
2024-03-28 11:09:50.841 | +./stack.sh:main:639                       source /opt/stack/devstack/lib/placement
2024-03-28 11:09:50.845 | tput: No value for $TERM and no -T specified
2024-03-28 11:09:50.847 | tput: No value for $TERM and no -T specified
2024-03-28 11:09:50.852 | tput: No value for $TERM and no -T specified
2024-03-28 11:09:50.853 | tput: No value for $TERM and no -T specified
2024-03-28 11:09:50.857 | tput: No value for $TERM and no -T specified
2024-03-28 11:09:50.864 | tput: No value for $TERM and no -T specified
2024-03-28 11:09:50.866 | tput: No value for $TERM and no -T specified
2024-03-28 11:09:50.871 | tput: No value for $TERM and no -T specified
2024-03-28 11:09:50.898 | tput: No value for $TERM and no -T specified
2024-03-28 11:09:50.907 | tput: No value for $TERM and no -T specified
2024-03-28 11:09:50.907 | +./stack.sh:main:640                       source /opt/stack/devstack/lib/cinder
2024-03-28 11:09:50.913 | tput: No value for $TERM and no -T specified
2024-03-28 11:09:50.913 | tput: No value for $TERM and no -T specified
2024-03-28 11:09:50.919 | tput: No value for $TERM and no -T specified
2024-03-28 11:09:50.921 | tput: No value for $TERM and no -T specified
2024-03-28 11:09:50.924 | tput: No value for $TERM and no -T specified
2024-03-28 11:09:50.931 | tput: No value for $TERM and no -T specified
2024-03-28 11:09:50.935 | tput: No value for $TERM and no -T specified
2024-03-28 11:09:50.940 | tput: No value for $TERM and no -T specified
2024-03-28 11:09:51.001 | tput: No value for $TERM and no -T specified
2024-03-28 11:09:51.010 | tput: No value for $TERM and no -T specified
2024-03-28 11:09:51.011 | +./stack.sh:main:641                       source /opt/stack/devstack/lib/swift
2024-03-28 11:09:51.015 | tput: No value for $TERM and no -T specified
2024-03-28 11:09:51.018 | tput: No value for $TERM and no -T specified
2024-03-28 11:09:51.023 | tput: No value for $TERM and no -T specified
2024-03-28 11:09:51.026 | tput: No value for $TERM and no -T specified
2024-03-28 11:09:51.033 | tput: No value for $TERM and no -T specified
2024-03-28 11:09:51.041 | tput: No value for $TERM and no -T specified
2024-03-28 11:09:51.046 | tput: No value for $TERM and no -T specified
2024-03-28 11:09:51.055 | tput: No value for $TERM and no -T specified
2024-03-28 11:09:51.131 | tput: No value for $TERM and no -T specified
2024-03-28 11:09:51.140 | tput: No value for $TERM and no -T specified
2024-03-28 11:09:51.140 | +./stack.sh:main:642                       source /opt/stack/devstack/lib/neutron
2024-03-28 11:09:51.145 | tput: No value for $TERM and no -T specified
2024-03-28 11:09:51.154 | tput: No value for $TERM and no -T specified
2024-03-28 11:09:51.154 | ++lib/neutron:source:61                     is_service_enabled tls-proxy
2024-03-28 11:09:51.158 | tput: No value for $TERM and no -T specified
2024-03-28 11:09:51.166 | tput: No value for $TERM and no -T specified
2024-03-28 11:09:51.171 | tput: No value for $TERM and no -T specified
2024-03-28 11:09:51.173 | tput: No value for $TERM and no -T specified
2024-03-28 11:09:51.179 | tput: No value for $TERM and no -T specified
2024-03-28 11:09:51.182 | tput: No value for $TERM and no -T specified
2024-03-28 11:09:51.190 | tput: No value for $TERM and no -T specified
2024-03-28 11:09:51.196 | tput: No value for $TERM and no -T specified
2024-03-28 11:09:51.199 | tput: No value for $TERM and no -T specified
2024-03-28 11:09:51.205 | tput: No value for $TERM and no -T specified
2024-03-28 11:09:51.209 | tput: No value for $TERM and no -T specified
2024-03-28 11:09:51.217 | tput: No value for $TERM and no -T specified
2024-03-28 11:09:51.217 | ++functions-common:is_service_enabled:2077  return 1
2024-03-28 11:09:51.220 | tput: No value for $TERM and no -T specified
2024-03-28 11:09:51.229 | tput: No value for $TERM and no -T specified
2024-03-28 11:09:51.229 | ++lib/neutron:source:67                     GITDIR["python-neutronclient"]=/opt/stack/python-neutronclient
2024-03-28 11:09:51.233 | tput: No value for $TERM and no -T specified
2024-03-28 11:09:51.243 | tput: No value for $TERM and no -T specified
2024-03-28 11:09:51.243 | ++lib/neutron:source:70                     NEUTRON_DIR=/opt/stack/neutron
2024-03-28 11:09:51.247 | tput: No value for $TERM and no -T specified
2024-03-28 11:09:51.256 | tput: No value for $TERM and no -T specified
2024-03-28 11:09:51.256 | ++lib/neutron:source:71                     NEUTRON_FWAAS_DIR=/opt/stack/neutron-fwaas
2024-03-28 11:09:51.260 | tput: No value for $TERM and no -T specified
2024-03-28 11:09:51.268 | tput: No value for $TERM and no -T specified
2024-03-28 11:09:51.268 | ++lib/neutron:source:74                     [[ -d /opt/stack/neutron/bin/neutron-server ]]
2024-03-28 11:09:51.274 | tput: No value for $TERM and no -T specified
2024-03-28 11:09:51.283 | tput: No value for $TERM and no -T specified
2024-03-28 11:09:51.283 | +++lib/neutron:source:77                     get_python_exec_prefix
2024-03-28 11:09:51.287 | tput: No value for $TERM and no -T specified
2024-03-28 11:09:51.295 | tput: No value for $TERM and no -T specified
2024-03-28 11:09:51.301 | tput: No value for $TERM and no -T specified
2024-03-28 11:09:51.302 | tput: No value for $TERM and no -T specified
2024-03-28 11:09:51.310 | tput: No value for $TERM and no -T specified
2024-03-28 11:09:51.312 | tput: No value for $TERM and no -T specified
2024-03-28 11:09:51.317 | tput: No value for $TERM and no -T specified
2024-03-28 11:09:51.323 | tput: No value for $TERM and no -T specified
2024-03-28 11:09:51.326 | tput: No value for $TERM and no -T specified
2024-03-28 11:09:51.332 | tput: No value for $TERM and no -T specified
2024-03-28 11:09:51.335 | tput: No value for $TERM and no -T specified
2024-03-28 11:09:51.341 | tput: No value for $TERM and no -T specified
2024-03-28 11:09:51.341 | +++inc/python:get_python_exec_prefix:81      [[ True == \T\r\u\e ]]
2024-03-28 11:09:51.343 | tput: No value for $TERM and no -T specified
2024-03-28 11:09:51.352 | tput: No value for $TERM and no -T specified
2024-03-28 11:09:51.352 | +++inc/python:get_python_exec_prefix:82      echo /opt/stack/data/venv/bin
2024-03-28 11:09:51.355 | tput: No value for $TERM and no -T specified
2024-03-28 11:09:51.362 | tput: No value for $TERM and no -T specified
2024-03-28 11:09:51.363 | ++lib/neutron:source:77                     NEUTRON_BIN_DIR=/opt/stack/data/venv/bin
2024-03-28 11:09:51.368 | tput: No value for $TERM and no -T specified
2024-03-28 11:09:51.375 | tput: No value for $TERM and no -T specified
2024-03-28 11:09:51.376 | ++lib/neutron:source:80                     NEUTRON_CONF_DIR=/etc/neutron
2024-03-28 11:09:51.380 | tput: No value for $TERM and no -T specified
2024-03-28 11:09:51.389 | tput: No value for $TERM and no -T specified
2024-03-28 11:09:51.389 | ++lib/neutron:source:81                     NEUTRON_CONF=/etc/neutron/neutron.conf
2024-03-28 11:09:51.393 | tput: No value for $TERM and no -T specified
2024-03-28 11:09:51.403 | tput: No value for $TERM and no -T specified
2024-03-28 11:09:51.403 | ++lib/neutron:source:82                     export NEUTRON_TEST_CONFIG_FILE=/etc/neutron/debug.ini
2024-03-28 11:09:51.408 | tput: No value for $TERM and no -T specified
2024-03-28 11:09:51.417 | tput: No value for $TERM and no -T specified
2024-03-28 11:09:51.417 | ++lib/neutron:source:82                     NEUTRON_TEST_CONFIG_FILE=/etc/neutron/debug.ini
2024-03-28 11:09:51.422 | tput: No value for $TERM and no -T specified
2024-03-28 11:09:51.431 | tput: No value for $TERM and no -T specified
2024-03-28 11:09:51.432 | +++lib/neutron:source:89                     trueorfalse False NEUTRON_DEPLOY_MOD_WSGI
2024-03-28 11:09:51.435 | tput: No value for $TERM and no -T specified
2024-03-28 11:09:51.444 | tput: No value for $TERM and no -T specified
2024-03-28 11:09:51.450 | tput: No value for $TERM and no -T specified
2024-03-28 11:09:51.451 | tput: No value for $TERM and no -T specified
2024-03-28 11:09:51.459 | tput: No value for $TERM and no -T specified
2024-03-28 11:09:51.460 | No value for $TERM and no -T specified
2024-03-28 11:09:51.465 | tput: No value for $TERM and no -T specified
2024-03-28 11:09:51.472 | tput: No value for $TERM and no -T specified
2024-03-28 11:09:51.475 | tput: No value for $TERM and no -T specified
2024-03-28 11:09:51.482 | tput: No value for $TERM and no -T specified
2024-03-28 11:09:51.486 | tput: No value for $TERM and no -T specified
2024-03-28 11:09:51.492 | tput: No value for $TERM and no -T specified
2024-03-28 11:09:51.493 | ++lib/neutron:source:89                     NEUTRON_DEPLOY_MOD_WSGI=False
2024-03-28 11:09:51.495 | tput: No value for $TERM and no -T specified
2024-03-28 11:09:51.503 | tput: No value for $TERM and no -T specified
2024-03-28 11:09:51.503 | ++lib/neutron:source:91                     NEUTRON_UWSGI_CONF=/etc/neutron/neutron-api-uwsgi.ini
2024-03-28 11:09:51.509 | tput: No value for $TERM and no -T specified
2024-03-28 11:09:51.519 | tput: No value for $TERM and no -T specified
2024-03-28 11:09:51.519 | +++lib/neutron:source:97                     trueorfalse True NEUTRON_ENFORCE_SCOPE
2024-03-28 11:09:51.523 | tput: No value for $TERM and no -T specified
2024-03-28 11:09:51.532 | tput: No value for $TERM and no -T specified
2024-03-28 11:09:51.539 | tput: No value for $TERM and no -T specified
2024-03-28 11:09:51.540 | tput: No value for $TERM and no -T specified
2024-03-28 11:09:51.547 | tput: No value for $TERM and no -T specified
2024-03-28 11:09:51.548 | tput: No value for $TERM and no -T specified
2024-03-28 11:09:51.554 | tput: No value for $TERM and no -T specified
2024-03-28 11:09:51.561 | tput: No value for $TERM and no -T specified
2024-03-28 11:09:51.566 | tput: No value for $TERM and no -T specified
2024-03-28 11:09:51.572 | tput: No value for $TERM and no -T specified
2024-03-28 11:09:51.578 | tput: No value for $TERM and no -T specified
2024-03-28 11:09:51.587 | tput: No value for $TERM and no -T specified
2024-03-28 11:09:51.587 | ++lib/neutron:source:97                     NEUTRON_ENFORCE_SCOPE=True
2024-03-28 11:09:51.591 | tput: No value for $TERM and no -T specified
2024-03-28 11:09:51.599 | tput: No value for $TERM and no -T specified
2024-03-28 11:09:51.600 | ++lib/neutron:source:101                    AGENT_DHCP_BINARY=/opt/stack/data/venv/bin/neutron-dhcp-agent
2024-03-28 11:09:51.603 | tput: No value for $TERM and no -T specified
2024-03-28 11:09:51.613 | tput: No value for $TERM and no -T specified
2024-03-28 11:09:51.613 | ++lib/neutron:source:102                    AGENT_L3_BINARY=/opt/stack/data/venv/bin/neutron-l3-agent
2024-03-28 11:09:51.617 | tput: No value for $TERM and no -T specified
2024-03-28 11:09:51.626 | tput: No value for $TERM and no -T specified
2024-03-28 11:09:51.627 | ++lib/neutron:source:103                    AGENT_META_BINARY=/opt/stack/data/venv/bin/neutron-metadata-agent
2024-03-28 11:09:51.631 | tput: No value for $TERM and no -T specified
2024-03-28 11:09:51.640 | tput: No value for $TERM and no -T specified
2024-03-28 11:09:51.641 | ++lib/neutron:source:107                    Q_DHCP_CONF_FILE=/etc/neutron/dhcp_agent.ini
2024-03-28 11:09:51.645 | tput: No value for $TERM and no -T specified
2024-03-28 11:09:51.655 | tput: No value for $TERM and no -T specified
