2024-03-28 10:30:27.833 | tput: No value for $TERM and no -T specified
2024-03-28 10:30:27.833 | tput: No value for $TERM and no -T specified
2024-03-28 10:30:27.833 | +./stack.sh:main:516                       exec
2024-03-28 10:30:27.833 | tput: No value for $TERM and no -T specified
2024-03-28 10:30:27.833 | tput: No value for $TERM and no -T specified
2024-03-28 10:30:27.833 | tput: No value for $TERM and no -T specified
2024-03-28 10:30:27.833 | +./stack.sh:main:524                       echo_summary 'stack.sh log /tmp/devstack_logs/devstacklog.txt.2024-03-28-103027'
2024-03-28 10:30:27.833 | tput: No value for $TERM and no -T specified
2024-03-28 10:30:27.833 | ++./stack.sh:main:516                       /opt/stack/devstack/tools/outfilter.py -o /tmp/devstack_logs/devstacklog.txt.2024-03-28-103027.summary.2024-03-28-103027
2024-03-28 10:30:27.833 | tput: No value for $TERM and no -T specified
2024-03-28 10:30:27.833 | tput: No value for $TERM and no -T specified
2024-03-28 10:30:27.833 | +./stack.sh:echo_summary:468               [[ -t 3 ]]
2024-03-28 10:30:27.833 | tput: No value for $TERM and no -T specified
2024-03-28 10:30:27.833 | tput: No value for $TERM and no -T specified
2024-03-28 10:30:27.833 | +./stack.sh:echo_summary:474               echo -e stack.sh log /tmp/devstack_logs/devstacklog.txt.2024-03-28-103027
2024-03-28 10:30:27.833 | tput: No value for $TERM and no -T specified
2024-03-28 10:30:27.833 | tput: No value for $TERM and no -T specified
2024-03-28 10:30:27.833 | +./stack.sh:main:526                       ln -sf /tmp/devstack_logs/devstacklog.txt.2024-03-28-103027 /tmp/devstack_logs/devstacklog.txt
2024-03-28 10:30:27.833 | tput: No value for $TERM and no -T specified
2024-03-28 10:30:27.833 | tput: No value for $TERM and no -T specified
2024-03-28 10:30:27.833 | +./stack.sh:main:527                       ln -sf /tmp/devstack_logs/devstacklog.txt.2024-03-28-103027.summary.2024-03-28-103027 /tmp/devstack_logs/devstacklog.txt.summary
2024-03-28 10:30:27.833 | tput: No value for $TERM and no -T specified
2024-03-28 10:30:27.833 | tput: No value for $TERM and no -T specified
2024-03-28 10:30:27.833 | +./stack.sh:main:542                       check_path_perm_sanity /opt/stack
2024-03-28 10:30:27.833 | tput: No value for $TERM and no -T specified
2024-03-28 10:30:27.833 | tput: No value for $TERM and no -T specified
2024-03-28 10:30:27.833 | +functions:check_path_perm_sanity:607      local real_path
2024-03-28 10:30:27.833 | tput: No value for $TERM and no -T specified
2024-03-28 10:30:27.836 | tput: No value for $TERM and no -T specified
2024-03-28 10:30:27.836 | ++functions:check_path_perm_sanity:608      readlink -f /opt/stack
2024-03-28 10:30:27.838 | tput: No value for $TERM and no -T specified
2024-03-28 10:30:27.841 | tput: No value for $TERM and no -T specified
2024-03-28 10:30:27.841 | +functions:check_path_perm_sanity:608      real_path=/opt/stack
2024-03-28 10:30:27.842 | tput: No value for $TERM and no -T specified
2024-03-28 10:30:27.846 | tput: No value for $TERM and no -T specified
2024-03-28 10:30:27.846 | +functions:check_path_perm_sanity:609      local rebuilt_path=
2024-03-28 10:30:27.850 | tput: No value for $TERM and no -T specified
2024-03-28 10:30:27.851 | tput: No value for $TERM and no -T specified
2024-03-28 10:30:27.858 | tput: No value for $TERM and no -T specified
2024-03-28 10:30:27.858 | ++functions:check_path_perm_sanity:610      tr / ' '
2024-03-28 10:30:27.859 | tput: No value for $TERM and no -T specified
2024-03-28 10:30:27.859 | ++functions:check_path_perm_sanity:610      echo /opt/stack
2024-03-28 10:30:27.864 | tput: No value for $TERM and no -T specified
2024-03-28 10:30:27.871 | tput: No value for $TERM and no -T specified
2024-03-28 10:30:27.871 | +functions:check_path_perm_sanity:610      for i in $(echo ${real_path} | tr "/" " ")
2024-03-28 10:30:27.873 | tput: No value for $TERM and no -T specified
2024-03-28 10:30:27.882 | tput: No value for $TERM and no -T specified
2024-03-28 10:30:27.882 | +functions:check_path_perm_sanity:611      rebuilt_path=/opt
2024-03-28 10:30:27.887 | tput: No value for $TERM and no -T specified
2024-03-28 10:30:27.895 | tput: No value for $TERM and no -T specified
2024-03-28 10:30:27.896 | ++functions:check_path_perm_sanity:613      stat -c %a /opt
2024-03-28 10:30:27.902 | tput: No value for $TERM and no -T specified
2024-03-28 10:30:27.910 | tput: No value for $TERM and no -T specified
2024-03-28 10:30:27.910 | +functions:check_path_perm_sanity:613      [[ 755 = 700 ]]
2024-03-28 10:30:27.913 | tput: No value for $TERM and no -T specified
2024-03-28 10:30:27.920 | tput: No value for $TERM and no -T specified
2024-03-28 10:30:27.921 | +functions:check_path_perm_sanity:610      for i in $(echo ${real_path} | tr "/" " ")
2024-03-28 10:30:27.923 | tput: No value for $TERM and no -T specified
2024-03-28 10:30:27.932 | tput: No value for $TERM and no -T specified
2024-03-28 10:30:27.933 | +functions:check_path_perm_sanity:611      rebuilt_path=/opt/stack
2024-03-28 10:30:27.938 | tput: No value for $TERM and no -T specified
2024-03-28 10:30:27.946 | tput: No value for $TERM and no -T specified
2024-03-28 10:30:27.947 | ++functions:check_path_perm_sanity:613      stat -c %a /opt/stack
2024-03-28 10:30:27.953 | tput: No value for $TERM and no -T specified
2024-03-28 10:30:27.962 | tput: No value for $TERM and no -T specified
2024-03-28 10:30:27.962 | +functions:check_path_perm_sanity:613      [[ 777 = 700 ]]
2024-03-28 10:30:27.965 | tput: No value for $TERM and no -T specified
2024-03-28 10:30:27.972 | tput: No value for $TERM and no -T specified
2024-03-28 10:30:27.972 | +./stack.sh:main:548                       trap exit_trap EXIT
2024-03-28 10:30:27.977 | tput: No value for $TERM and no -T specified
2024-03-28 10:30:27.984 | tput: No value for $TERM and no -T specified
2024-03-28 10:30:27.984 | +./stack.sh:main:589                       trap err_trap ERR
2024-03-28 10:30:27.987 | tput: No value for $TERM and no -T specified
2024-03-28 10:30:27.995 | tput: No value for $TERM and no -T specified
2024-03-28 10:30:27.995 | +./stack.sh:main:602                       set -o errexit
2024-03-28 10:30:27.998 | tput: No value for $TERM and no -T specified
2024-03-28 10:30:28.006 | tput: No value for $TERM and no -T specified
2024-03-28 10:30:28.006 | +./stack.sh:main:605                       uname -a
2024-03-28 10:30:28.008 | Linux ubuntu 5.15.0-92-generic #102-Ubuntu SMP Wed Jan 10 09:33:48 UTC 2024 x86_64 x86_64 x86_64 GNU/Linux
2024-03-28 10:30:28.011 | tput: No value for $TERM and no -T specified
2024-03-28 10:30:28.019 | tput: No value for $TERM and no -T specified
2024-03-28 10:30:28.019 | +./stack.sh:main:608                       SSL_BUNDLE_FILE=/opt/stack/data/ca-bundle.pem
2024-03-28 10:30:28.022 | tput: No value for $TERM and no -T specified
2024-03-28 10:30:28.030 | tput: No value for $TERM and no -T specified
2024-03-28 10:30:28.031 | +./stack.sh:main:609                       rm -f /opt/stack/data/ca-bundle.pem
2024-03-28 10:30:28.036 | tput: No value for $TERM and no -T specified
2024-03-28 10:30:28.044 | tput: No value for $TERM and no -T specified
2024-03-28 10:30:28.044 | +./stack.sh:main:612                       source /opt/stack/devstack/lib/database
2024-03-28 10:30:28.050 | tput: No value for $TERM and no -T specified
2024-03-28 10:30:28.051 | tput: No value for $TERM and no -T specified
2024-03-28 10:30:28.058 | tput: No value for $TERM and no -T specified
2024-03-28 10:30:28.060 | tput: No value for $TERM and no -T specified
2024-03-28 10:30:28.066 | tput: No value for $TERM and no -T specified
2024-03-28 10:30:28.073 | tput: No value for $TERM and no -T specified
2024-03-28 10:30:28.075 | tput: No value for $TERM and no -T specified
2024-03-28 10:30:28.084 | tput: No value for $TERM and no -T specified
2024-03-28 10:30:28.140 | tput: No value for $TERM and no -T specified
2024-03-28 10:30:28.148 | tput: No value for $TERM and no -T specified
2024-03-28 10:30:28.149 | +./stack.sh:main:613                       source /opt/stack/devstack/lib/rpc_backend
2024-03-28 10:30:28.156 | tput: No value for $TERM and no -T specified
2024-03-28 10:30:28.156 | tput: No value for $TERM and no -T specified
2024-03-28 10:30:28.163 | tput: No value for $TERM and no -T specified
2024-03-28 10:30:28.165 | tput: No value for $TERM and no -T specified
2024-03-28 10:30:28.169 | tput: No value for $TERM and no -T specified
2024-03-28 10:30:28.175 | tput: No value for $TERM and no -T specified
2024-03-28 10:30:28.178 | tput: No value for $TERM and no -T specified
2024-03-28 10:30:28.187 | tput: No value for $TERM and no -T specified
2024-03-28 10:30:28.202 | tput: No value for $TERM and no -T specified
2024-03-28 10:30:28.211 | tput: No value for $TERM and no -T specified
2024-03-28 10:30:28.211 | +./stack.sh:main:619                       fetch_plugins
2024-03-28 10:30:28.215 | tput: No value for $TERM and no -T specified
2024-03-28 10:30:28.223 | tput: No value for $TERM and no -T specified
2024-03-28 10:30:28.224 | +functions-common:fetch_plugins:1767       local plugins=
2024-03-28 10:30:28.227 | tput: No value for $TERM and no -T specified
2024-03-28 10:30:28.234 | tput: No value for $TERM and no -T specified
2024-03-28 10:30:28.234 | +functions-common:fetch_plugins:1768       local plugin
2024-03-28 10:30:28.238 | tput: No value for $TERM and no -T specified
2024-03-28 10:30:28.245 | tput: No value for $TERM and no -T specified
2024-03-28 10:30:28.245 | +functions-common:fetch_plugins:1771       [[ -z '' ]]
2024-03-28 10:30:28.248 | tput: No value for $TERM and no -T specified
2024-03-28 10:30:28.255 | tput: No value for $TERM and no -T specified
2024-03-28 10:30:28.256 | +functions-common:fetch_plugins:1772       return
2024-03-28 10:30:28.260 | tput: No value for $TERM and no -T specified
2024-03-28 10:30:28.270 | tput: No value for $TERM and no -T specified
2024-03-28 10:30:28.270 | +./stack.sh:main:623                       run_phase override_defaults
2024-03-28 10:30:28.274 | tput: No value for $TERM and no -T specified
2024-03-28 10:30:28.282 | tput: No value for $TERM and no -T specified
2024-03-28 10:30:28.282 | +functions-common:run_phase:1849           local mode=override_defaults
2024-03-28 10:30:28.285 | tput: No value for $TERM and no -T specified
2024-03-28 10:30:28.294 | tput: No value for $TERM and no -T specified
2024-03-28 10:30:28.294 | +functions-common:run_phase:1850           local phase=
2024-03-28 10:30:28.297 | tput: No value for $TERM and no -T specified
2024-03-28 10:30:28.304 | tput: No value for $TERM and no -T specified
2024-03-28 10:30:28.305 | +functions-common:run_phase:1851           [[ -d /opt/stack/devstack/extras.d ]]
2024-03-28 10:30:28.307 | tput: No value for $TERM and no -T specified
2024-03-28 10:30:28.316 | tput: No value for $TERM and no -T specified
2024-03-28 10:30:28.317 | +functions-common:run_phase:1852           local extra_plugin_file_name
2024-03-28 10:30:28.320 | tput: No value for $TERM and no -T specified
2024-03-28 10:30:28.328 | tput: No value for $TERM and no -T specified
2024-03-28 10:30:28.328 | +functions-common:run_phase:1853           for extra_plugin_file_name in $TOP_DIR/extras.d/*.sh
2024-03-28 10:30:28.331 | tput: No value for $TERM and no -T specified
2024-03-28 10:30:28.340 | tput: No value for $TERM and no -T specified
2024-03-28 10:30:28.340 | +functions-common:run_phase:1858           local exceptions=80-tempest.sh
2024-03-28 10:30:28.344 | tput: No value for $TERM and no -T specified
2024-03-28 10:30:28.352 | tput: No value for $TERM and no -T specified
2024-03-28 10:30:28.353 | +functions-common:run_phase:1859           local extra
2024-03-28 10:30:28.357 | tput: No value for $TERM and no -T specified
2024-03-28 10:30:28.365 | tput: No value for $TERM and no -T specified
2024-03-28 10:30:28.366 | ++functions-common:run_phase:1860           basename /opt/stack/devstack/extras.d/80-tempest.sh
2024-03-28 10:30:28.371 | tput: No value for $TERM and no -T specified
2024-03-28 10:30:28.380 | tput: No value for $TERM and no -T specified
2024-03-28 10:30:28.380 | +functions-common:run_phase:1860           extra=80-tempest.sh
2024-03-28 10:30:28.384 | tput: No value for $TERM and no -T specified
2024-03-28 10:30:28.392 | tput: No value for $TERM and no -T specified
2024-03-28 10:30:28.392 | +functions-common:run_phase:1861           [[ 80-tempest.sh =~ 80-tempest\.sh ]]
2024-03-28 10:30:28.396 | tput: No value for $TERM and no -T specified
2024-03-28 10:30:28.404 | tput: No value for $TERM and no -T specified
2024-03-28 10:30:28.404 | +functions-common:run_phase:1865           [[ -r /opt/stack/devstack/extras.d/80-tempest.sh ]]
2024-03-28 10:30:28.408 | tput: No value for $TERM and no -T specified
2024-03-28 10:30:28.416 | tput: No value for $TERM and no -T specified
2024-03-28 10:30:28.416 | +functions-common:run_phase:1865           source /opt/stack/devstack/extras.d/80-tempest.sh override_defaults
2024-03-28 10:30:28.420 | tput: No value for $TERM and no -T specified
2024-03-28 10:30:28.427 | tput: No value for $TERM and no -T specified
2024-03-28 10:30:28.428 | ++extras.d/80-tempest.sh:source:3           is_service_enabled tempest
2024-03-28 10:30:28.432 | tput: No value for $TERM and no -T specified
2024-03-28 10:30:28.440 | tput: No value for $TERM and no -T specified
2024-03-28 10:30:28.446 | tput: No value for $TERM and no -T specified
2024-03-28 10:30:28.447 | tput: No value for $TERM and no -T specified
2024-03-28 10:30:28.453 | tput: No value for $TERM and no -T specified
2024-03-28 10:30:28.455 | tput: No value for $TERM and no -T specified
2024-03-28 10:30:28.460 | tput: No value for $TERM and no -T specified
2024-03-28 10:30:28.466 | tput: No value for $TERM and no -T specified
2024-03-28 10:30:28.468 | tput: No value for $TERM and no -T specified
2024-03-28 10:30:28.475 | tput: No value for $TERM and no -T specified
2024-03-28 10:30:28.479 | tput: No value for $TERM and no -T specified
2024-03-28 10:30:28.485 | tput: No value for $TERM and no -T specified
2024-03-28 10:30:28.486 | ++functions-common:is_service_enabled:2077  return 0
2024-03-28 10:30:28.489 | tput: No value for $TERM and no -T specified
2024-03-28 10:30:28.496 | tput: No value for $TERM and no -T specified
2024-03-28 10:30:28.496 | ++extras.d/80-tempest.sh:source:4           [[ override_defaults == \s\o\u\r\c\e ]]
2024-03-28 10:30:28.498 | tput: No value for $TERM and no -T specified
2024-03-28 10:30:28.506 | tput: No value for $TERM and no -T specified
2024-03-28 10:30:28.506 | ++extras.d/80-tempest.sh:source:7           [[ override_defaults == \s\t\a\c\k ]]
2024-03-28 10:30:28.510 | tput: No value for $TERM and no -T specified
2024-03-28 10:30:28.519 | tput: No value for $TERM and no -T specified
2024-03-28 10:30:28.519 | ++extras.d/80-tempest.sh:source:10          [[ override_defaults == \s\t\a\c\k ]]
2024-03-28 10:30:28.522 | tput: No value for $TERM and no -T specified
2024-03-28 10:30:28.530 | tput: No value for $TERM and no -T specified
2024-03-28 10:30:28.530 | ++extras.d/80-tempest.sh:source:13          [[ override_defaults == \s\t\a\c\k ]]
2024-03-28 10:30:28.533 | tput: No value for $TERM and no -T specified
2024-03-28 10:30:28.542 | tput: No value for $TERM and no -T specified
2024-03-28 10:30:28.542 | ++extras.d/80-tempest.sh:source:16          [[ override_defaults == \s\t\a\c\k ]]
2024-03-28 10:30:28.546 | tput: No value for $TERM and no -T specified
2024-03-28 10:30:28.554 | tput: No value for $TERM and no -T specified
2024-03-28 10:30:28.554 | ++extras.d/80-tempest.sh:source:19          [[ override_defaults == \s\t\a\c\k ]]
2024-03-28 10:30:28.558 | tput: No value for $TERM and no -T specified
2024-03-28 10:30:28.566 | tput: No value for $TERM and no -T specified
2024-03-28 10:30:28.566 | ++extras.d/80-tempest.sh:source:27          [[ override_defaults == \u\n\s\t\a\c\k ]]
2024-03-28 10:30:28.570 | tput: No value for $TERM and no -T specified
2024-03-28 10:30:28.577 | tput: No value for $TERM and no -T specified
2024-03-28 10:30:28.578 | ++extras.d/80-tempest.sh:source:32          [[ override_defaults == \c\l\e\a\n ]]
2024-03-28 10:30:28.582 | tput: No value for $TERM and no -T specified
2024-03-28 10:30:28.591 | tput: No value for $TERM and no -T specified
2024-03-28 10:30:28.591 | +functions-common:run_phase:1870           [[ override_defaults == \s\o\u\r\c\e ]]
2024-03-28 10:30:28.594 | tput: No value for $TERM and no -T specified
2024-03-28 10:30:28.602 | tput: No value for $TERM and no -T specified
2024-03-28 10:30:28.603 | +functions-common:run_phase:1873           [[ override_defaults == \o\v\e\r\r\i\d\e\_\d\e\f\a\u\l\t\s ]]
2024-03-28 10:30:28.606 | tput: No value for $TERM and no -T specified
2024-03-28 10:30:28.613 | tput: No value for $TERM and no -T specified
2024-03-28 10:30:28.613 | +functions-common:run_phase:1874           plugin_override_defaults
2024-03-28 10:30:28.616 | tput: No value for $TERM and no -T specified
2024-03-28 10:30:28.624 | tput: No value for $TERM and no -T specified
2024-03-28 10:30:28.624 | +functions-common:plugin_override_defaults:1808  local plugins=
2024-03-28 10:30:28.628 | tput: No value for $TERM and no -T specified
2024-03-28 10:30:28.635 | tput: No value for $TERM and no -T specified
2024-03-28 10:30:28.635 | +functions-common:plugin_override_defaults:1809  local plugin
2024-03-28 10:30:28.639 | tput: No value for $TERM and no -T specified
2024-03-28 10:30:28.647 | tput: No value for $TERM and no -T specified
2024-03-28 10:30:28.648 | +functions-common:plugin_override_defaults:1812  [[ -z '' ]]
2024-03-28 10:30:28.652 | tput: No value for $TERM and no -T specified
2024-03-28 10:30:28.659 | tput: No value for $TERM and no -T specified
2024-03-28 10:30:28.660 | +functions-common:plugin_override_defaults:1813  return
2024-03-28 10:30:28.664 | tput: No value for $TERM and no -T specified
2024-03-28 10:30:28.673 | tput: No value for $TERM and no -T specified
2024-03-28 10:30:28.673 | +./stack.sh:main:626                       source /opt/stack/devstack/lib/apache
2024-03-28 10:30:28.680 | tput: No value for $TERM and no -T specified
2024-03-28 10:30:28.680 | tput: No value for $TERM and no -T specified
2024-03-28 10:30:28.688 | tput: No value for $TERM and no -T specified
2024-03-28 10:30:28.690 | tput: No value for $TERM and no -T specified
2024-03-28 10:30:28.696 | tput: No value for $TERM and no -T specified
2024-03-28 10:30:28.702 | tput: No value for $TERM and no -T specified
2024-03-28 10:30:28.706 | tput: No value for $TERM and no -T specified
2024-03-28 10:30:28.715 | tput: No value for $TERM and no -T specified
2024-03-28 10:30:28.729 | tput: No value for $TERM and no -T specified
2024-03-28 10:30:28.738 | tput: No value for $TERM and no -T specified
2024-03-28 10:30:28.738 | +./stack.sh:main:629                       source /opt/stack/devstack/lib/tls
2024-03-28 10:30:28.742 | tput: No value for $TERM and no -T specified
2024-03-28 10:30:28.751 | tput: No value for $TERM and no -T specified
2024-03-28 10:30:28.752 | ++lib/tls:source:38                         is_service_enabled tls-proxy
2024-03-28 10:30:28.756 | tput: No value for $TERM and no -T specified
2024-03-28 10:30:28.764 | tput: No value for $TERM and no -T specified
2024-03-28 10:30:28.771 | tput: No value for $TERM and no -T specified
2024-03-28 10:30:28.772 | tput: No value for $TERM and no -T specified
2024-03-28 10:30:28.779 | tput: No value for $TERM and no -T specified
2024-03-28 10:30:28.781 | tput: No value for $TERM and no -T specified
2024-03-28 10:30:28.787 | tput: No value for $TERM and no -T specified
2024-03-28 10:30:28.794 | tput: No value for $TERM and no -T specified
2024-03-28 10:30:28.797 | tput: No value for $TERM and no -T specified
2024-03-28 10:30:28.803 | tput: No value for $TERM and no -T specified
2024-03-28 10:30:28.808 | tput: No value for $TERM and no -T specified
2024-03-28 10:30:28.815 | tput: No value for $TERM and no -T specified
2024-03-28 10:30:28.816 | ++functions-common:is_service_enabled:2077  return 1
2024-03-28 10:30:28.820 | tput: No value for $TERM and no -T specified
2024-03-28 10:30:28.829 | tput: No value for $TERM and no -T specified
2024-03-28 10:30:28.829 | +++lib/tls:source:43                         hostname -f
2024-03-28 10:30:28.836 | tput: No value for $TERM and no -T specified
2024-03-28 10:30:28.844 | tput: No value for $TERM and no -T specified
2024-03-28 10:30:28.844 | ++lib/tls:source:43                         DEVSTACK_HOSTNAME=localhost
2024-03-28 10:30:28.848 | tput: No value for $TERM and no -T specified
2024-03-28 10:30:28.857 | tput: No value for $TERM and no -T specified
2024-03-28 10:30:28.857 | ++lib/tls:source:44                         DEVSTACK_CERT_NAME=devstack-cert
2024-03-28 10:30:28.862 | tput: No value for $TERM and no -T specified
2024-03-28 10:30:28.870 | tput: No value for $TERM and no -T specified
2024-03-28 10:30:28.870 | ++lib/tls:source:45                         DEVSTACK_CERT=/opt/stack/data/devstack-cert.pem
2024-03-28 10:30:28.874 | tput: No value for $TERM and no -T specified
2024-03-28 10:30:28.882 | tput: No value for $TERM and no -T specified
2024-03-28 10:30:28.882 | ++lib/tls:source:48                         ROOT_CA_DIR=/opt/stack/data/CA/root-ca
2024-03-28 10:30:28.886 | tput: No value for $TERM and no -T specified
2024-03-28 10:30:28.895 | tput: No value for $TERM and no -T specified
2024-03-28 10:30:28.895 | ++lib/tls:source:49                         INT_CA_DIR=/opt/stack/data/CA/int-ca
2024-03-28 10:30:28.899 | tput: No value for $TERM and no -T specified
2024-03-28 10:30:28.907 | tput: No value for $TERM and no -T specified
2024-03-28 10:30:28.907 | ++lib/tls:source:51                         ORG_NAME=OpenStack
2024-03-28 10:30:28.911 | tput: No value for $TERM and no -T specified
2024-03-28 10:30:28.919 | tput: No value for $TERM and no -T specified
2024-03-28 10:30:28.920 | ++lib/tls:source:52                         ORG_UNIT_NAME=DevStack
2024-03-28 10:30:28.924 | tput: No value for $TERM and no -T specified
2024-03-28 10:30:28.933 | tput: No value for $TERM and no -T specified
2024-03-28 10:30:28.933 | ++lib/tls:source:55                         STUD_PROTO=--tls
2024-03-28 10:30:28.937 | tput: No value for $TERM and no -T specified
2024-03-28 10:30:28.946 | tput: No value for $TERM and no -T specified
2024-03-28 10:30:28.946 | ++lib/tls:source:56                         STUD_CIPHERS='TLSv1+HIGH:!DES:!aNULL:!eNULL:@STRENGTH'
2024-03-28 10:30:28.950 | tput: No value for $TERM and no -T specified
2024-03-28 10:30:28.958 | tput: No value for $TERM and no -T specified
2024-03-28 10:30:28.959 | ++lib/tls:source:63                         OPENSSL=/usr/bin/openssl
2024-03-28 10:30:28.971 | tput: No value for $TERM and no -T specified
2024-03-28 10:30:28.979 | tput: No value for $TERM and no -T specified
2024-03-28 10:30:28.980 | +./stack.sh:main:632                       source /opt/stack/devstack/lib/infra
2024-03-28 10:30:28.985 | tput: No value for $TERM and no -T specified
2024-03-28 10:30:28.987 | tput: No value for $TERM and no -T specified
2024-03-28 10:30:28.993 | tput: No value for $TERM and no -T specified
2024-03-28 10:30:28.995 | tput: No value for $TERM and no -T specified
2024-03-28 10:30:29.002 | tput: No value for $TERM and no -T specified
2024-03-28 10:30:29.010 | tput: No value for $TERM and no -T specified
2024-03-28 10:30:29.015 | tput: No value for $TERM and no -T specified
2024-03-28 10:30:29.023 | tput: No value for $TERM and no -T specified
2024-03-28 10:30:29.028 | tput: No value for $TERM and no -T specified
2024-03-28 10:30:29.036 | tput: No value for $TERM and no -T specified
2024-03-28 10:30:29.036 | +./stack.sh:main:633                       source /opt/stack/devstack/lib/libraries
2024-03-28 10:30:29.042 | tput: No value for $TERM and no -T specified
2024-03-28 10:30:29.042 | tput: No value for $TERM and no -T specified
2024-03-28 10:30:29.049 | tput: No value for $TERM and no -T specified
2024-03-28 10:30:29.050 | tput: No value for $TERM and no -T specified
2024-03-28 10:30:29.055 | tput: No value for $TERM and no -T specified
2024-03-28 10:30:29.063 | tput: No value for $TERM and no -T specified
2024-03-28 10:30:29.065 | tput: No value for $TERM and no -T specified
2024-03-28 10:30:29.072 | tput: No value for $TERM and no -T specified
2024-03-28 10:30:29.090 | tput: No value for $TERM and no -T specified
2024-03-28 10:30:29.099 | tput: No value for $TERM and no -T specified
2024-03-28 10:30:29.099 | +./stack.sh:main:634                       source /opt/stack/devstack/lib/lvm
2024-03-28 10:30:29.105 | tput: No value for $TERM and no -T specified
2024-03-28 10:30:29.105 | tput: No value for $TERM and no -T specified
2024-03-28 10:30:29.114 | tput: No value for $TERM and no -T specified
2024-03-28 10:30:29.115 | tput: No value for $TERM and no -T specified
2024-03-28 10:30:29.121 | tput: No value for $TERM and no -T specified
2024-03-28 10:30:29.127 | tput: No value for $TERM and no -T specified
2024-03-28 10:30:29.131 | tput: No value for $TERM and no -T specified
2024-03-28 10:30:29.138 | tput: No value for $TERM and no -T specified
2024-03-28 10:30:29.147 | tput: No value for $TERM and no -T specified
2024-03-28 10:30:29.156 | tput: No value for $TERM and no -T specified
2024-03-28 10:30:29.157 | +./stack.sh:main:635                       source /opt/stack/devstack/lib/horizon
2024-03-28 10:30:29.163 | tput: No value for $TERM and no -T specified
2024-03-28 10:30:29.164 | tput: No value for $TERM and no -T specified
2024-03-28 10:30:29.172 | tput: No value for $TERM and no -T specified
2024-03-28 10:30:29.173 | tput: No value for $TERM and no -T specified
2024-03-28 10:30:29.178 | tput: No value for $TERM and no -T specified
2024-03-28 10:30:29.184 | tput: No value for $TERM and no -T specified
2024-03-28 10:30:29.188 | tput: No value for $TERM and no -T specified
2024-03-28 10:30:29.194 | tput: No value for $TERM and no -T specified
2024-03-28 10:30:29.199 | tput: No value for $TERM and no -T specified
2024-03-28 10:30:29.205 | tput: No value for $TERM and no -T specified
2024-03-28 10:30:29.205 | +./stack.sh:main:636                       source /opt/stack/devstack/lib/keystone
2024-03-28 10:30:29.211 | tput: No value for $TERM and no -T specified
2024-03-28 10:30:29.212 | tput: No value for $TERM and no -T specified
2024-03-28 10:30:29.219 | tput: No value for $TERM and no -T specified
2024-03-28 10:30:29.220 | tput: No value for $TERM and no -T specified
2024-03-28 10:30:29.225 | tput: No value for $TERM and no -T specified
2024-03-28 10:30:29.231 | tput: No value for $TERM and no -T specified
2024-03-28 10:30:29.235 | tput: No value for $TERM and no -T specified
2024-03-28 10:30:29.242 | tput: No value for $TERM and no -T specified
2024-03-28 10:30:29.294 | tput: No value for $TERM and no -T specified
2024-03-28 10:30:29.303 | tput: No value for $TERM and no -T specified
2024-03-28 10:30:29.303 | +./stack.sh:main:637                       source /opt/stack/devstack/lib/glance
2024-03-28 10:30:29.308 | tput: No value for $TERM and no -T specified
2024-03-28 10:30:29.310 | tput: No value for $TERM and no -T specified
2024-03-28 10:30:29.315 | tput: No value for $TERM and no -T specified
2024-03-28 10:30:29.320 | tput: No value for $TERM and no -T specified
2024-03-28 10:30:29.329 | tput: No value for $TERM and no -T specified
2024-03-28 10:30:29.336 | tput: No value for $TERM and no -T specified
2024-03-28 10:30:29.340 | tput: No value for $TERM and no -T specified
2024-03-28 10:30:29.348 | tput: No value for $TERM and no -T specified
2024-03-28 10:30:29.447 | tput: No value for $TERM and no -T specified
2024-03-28 10:30:29.455 | tput: No value for $TERM and no -T specified
2024-03-28 10:30:29.456 | +./stack.sh:main:638                       source /opt/stack/devstack/lib/nova
2024-03-28 10:30:29.461 | tput: No value for $TERM and no -T specified
2024-03-28 10:30:29.463 | tput: No value for $TERM and no -T specified
2024-03-28 10:30:29.467 | tput: No value for $TERM and no -T specified
2024-03-28 10:30:29.470 | tput: No value for $TERM and no -T specified
2024-03-28 10:30:29.477 | tput: No value for $TERM and no -T specified
2024-03-28 10:30:29.486 | tput: No value for $TERM and no -T specified
2024-03-28 10:30:29.489 | tput: No value for $TERM and no -T specified
2024-03-28 10:30:29.498 | tput: No value for $TERM and no -T specified
2024-03-28 10:30:29.652 | tput: No value for $TERM and no -T specified
2024-03-28 10:30:29.662 | tput: No value for $TERM and no -T specified
2024-03-28 10:30:29.662 | +./stack.sh:main:639                       source /opt/stack/devstack/lib/placement
2024-03-28 10:30:29.667 | tput: No value for $TERM and no -T specified
2024-03-28 10:30:29.669 | tput: No value for $TERM and no -T specified
2024-03-28 10:30:29.675 | tput: No value for $TERM and no -T specified
2024-03-28 10:30:29.675 | tput: No value for $TERM and no -T specified
2024-03-28 10:30:29.681 | tput: No value for $TERM and no -T specified
2024-03-28 10:30:29.688 | tput: No value for $TERM and no -T specified
2024-03-28 10:30:29.691 | tput: No value for $TERM and no -T specified
2024-03-28 10:30:29.698 | tput: No value for $TERM and no -T specified
2024-03-28 10:30:29.733 | tput: No value for $TERM and no -T specified
2024-03-28 10:30:29.742 | tput: No value for $TERM and no -T specified
2024-03-28 10:30:29.743 | +./stack.sh:main:640                       source /opt/stack/devstack/lib/cinder
2024-03-28 10:30:29.750 | tput: No value for $TERM and no -T specified
2024-03-28 10:30:29.750 | tput: No value for $TERM and no -T specified
2024-03-28 10:30:29.758 | tput: No value for $TERM and no -T specified
2024-03-28 10:30:29.759 | tput: No value for $TERM and no -T specified
2024-03-28 10:30:29.764 | tput: No value for $TERM and no -T specified
2024-03-28 10:30:29.772 | tput: No value for $TERM and no -T specified
2024-03-28 10:30:29.776 | tput: No value for $TERM and no -T specified
2024-03-28 10:30:29.782 | tput: No value for $TERM and no -T specified
2024-03-28 10:30:29.862 | tput: No value for $TERM and no -T specified
2024-03-28 10:30:29.871 | tput: No value for $TERM and no -T specified
2024-03-28 10:30:29.872 | +./stack.sh:main:641                       source /opt/stack/devstack/lib/swift
2024-03-28 10:30:29.880 | tput: No value for $TERM and no -T specified
2024-03-28 10:30:29.881 | tput: No value for $TERM and no -T specified
2024-03-28 10:30:29.889 | tput: No value for $TERM and no -T specified
2024-03-28 10:30:29.891 | tput: No value for $TERM and no -T specified
2024-03-28 10:30:29.897 | tput: No value for $TERM and no -T specified
2024-03-28 10:30:29.905 | tput: No value for $TERM and no -T specified
2024-03-28 10:30:29.908 | tput: No value for $TERM and no -T specified
2024-03-28 10:30:29.915 | tput: No value for $TERM and no -T specified
2024-03-28 10:30:30.008 | tput: No value for $TERM and no -T specified
2024-03-28 10:30:30.018 | tput: No value for $TERM and no -T specified
2024-03-28 10:30:30.019 | +./stack.sh:main:642                       source /opt/stack/devstack/lib/neutron
2024-03-28 10:30:30.024 | tput: No value for $TERM and no -T specified
2024-03-28 10:30:30.034 | tput: No value for $TERM and no -T specified
2024-03-28 10:30:30.035 | ++lib/neutron:source:61                     is_service_enabled tls-proxy
2024-03-28 10:30:30.038 | tput: No value for $TERM and no -T specified
2024-03-28 10:30:30.047 | tput: No value for $TERM and no -T specified
2024-03-28 10:30:30.053 | tput: No value for $TERM and no -T specified
2024-03-28 10:30:30.054 | tput: No value for $TERM and no -T specified
2024-03-28 10:30:30.061 | tput: No value for $TERM and no -T specified
2024-03-28 10:30:30.063 | tput: No value for $TERM and no -T specified
2024-03-28 10:30:30.068 | tput: No value for $TERM and no -T specified
2024-03-28 10:30:30.074 | tput: No value for $TERM and no -T specified
2024-03-28 10:30:30.076 | tput: No value for $TERM and no -T specified
2024-03-28 10:30:30.083 | tput: No value for $TERM and no -T specified
2024-03-28 10:30:30.086 | tput: No value for $TERM and no -T specified
2024-03-28 10:30:30.093 | tput: No value for $TERM and no -T specified
2024-03-28 10:30:30.094 | ++functions-common:is_service_enabled:2077  return 1
2024-03-28 10:30:30.097 | tput: No value for $TERM and no -T specified
2024-03-28 10:30:30.106 | tput: No value for $TERM and no -T specified
2024-03-28 10:30:30.106 | ++lib/neutron:source:67                     GITDIR["python-neutronclient"]=/opt/stack/python-neutronclient
2024-03-28 10:30:30.111 | tput: No value for $TERM and no -T specified
2024-03-28 10:30:30.120 | tput: No value for $TERM and no -T specified
2024-03-28 10:30:30.121 | ++lib/neutron:source:70                     NEUTRON_DIR=/opt/stack/neutron
2024-03-28 10:30:30.125 | tput: No value for $TERM and no -T specified
2024-03-28 10:30:30.134 | tput: No value for $TERM and no -T specified
2024-03-28 10:30:30.135 | ++lib/neutron:source:71                     NEUTRON_FWAAS_DIR=/opt/stack/neutron-fwaas
2024-03-28 10:30:30.139 | tput: No value for $TERM and no -T specified
2024-03-28 10:30:30.149 | tput: No value for $TERM and no -T specified
2024-03-28 10:30:30.149 | ++lib/neutron:source:74                     [[ -d /opt/stack/neutron/bin/neutron-server ]]
2024-03-28 10:30:30.154 | tput: No value for $TERM and no -T specified
2024-03-28 10:30:30.164 | tput: No value for $TERM and no -T specified
2024-03-28 10:30:30.164 | +++lib/neutron:source:77                     get_python_exec_prefix
2024-03-28 10:30:30.169 | tput: No value for $TERM and no -T specified
2024-03-28 10:30:30.177 | tput: No value for $TERM and no -T specified
2024-03-28 10:30:30.182 | tput: No value for $TERM and no -T specified
2024-03-28 10:30:30.183 | tput: No value for $TERM and no -T specified
2024-03-28 10:30:30.190 | tput: No value for $TERM and no -T specified
2024-03-28 10:30:30.191 | tput: No value for $TERM and no -T specified
2024-03-28 10:30:30.198 | tput: No value for $TERM and no -T specified
2024-03-28 10:30:30.204 | tput: No value for $TERM and no -T specified
2024-03-28 10:30:30.206 | tput: No value for $TERM and no -T specified
2024-03-28 10:30:30.214 | tput: No value for $TERM and no -T specified
2024-03-28 10:30:30.216 | tput: No value for $TERM and no -T specified
2024-03-28 10:30:30.226 | tput: No value for $TERM and no -T specified
2024-03-28 10:30:30.226 | +++inc/python:get_python_exec_prefix:81      [[ True == \T\r\u\e ]]
2024-03-28 10:30:30.230 | tput: No value for $TERM and no -T specified
2024-03-28 10:30:30.240 | tput: No value for $TERM and no -T specified
2024-03-28 10:30:30.240 | +++inc/python:get_python_exec_prefix:82      echo /opt/stack/data/venv/bin
2024-03-28 10:30:30.245 | tput: No value for $TERM and no -T specified
2024-03-28 10:30:30.253 | tput: No value for $TERM and no -T specified
2024-03-28 10:30:30.254 | ++lib/neutron:source:77                     NEUTRON_BIN_DIR=/opt/stack/data/venv/bin
2024-03-28 10:30:30.259 | tput: No value for $TERM and no -T specified
2024-03-28 10:30:30.268 | tput: No value for $TERM and no -T specified
2024-03-28 10:30:30.269 | ++lib/neutron:source:80                     NEUTRON_CONF_DIR=/etc/neutron
2024-03-28 10:30:30.274 | tput: No value for $TERM and no -T specified
2024-03-28 10:30:30.283 | tput: No value for $TERM and no -T specified
2024-03-28 10:30:30.283 | ++lib/neutron:source:81                     NEUTRON_CONF=/etc/neutron/neutron.conf
2024-03-28 10:30:30.288 | tput: No value for $TERM and no -T specified
2024-03-28 10:30:30.296 | tput: No value for $TERM and no -T specified
2024-03-28 10:30:30.296 | ++lib/neutron:source:82                     export NEUTRON_TEST_CONFIG_FILE=/etc/neutron/debug.ini
2024-03-28 10:30:30.301 | tput: No value for $TERM and no -T specified
2024-03-28 10:30:30.309 | tput: No value for $TERM and no -T specified
2024-03-28 10:30:30.309 | ++lib/neutron:source:82                     NEUTRON_TEST_CONFIG_FILE=/etc/neutron/debug.ini
2024-03-28 10:30:30.315 | tput: No value for $TERM and no -T specified
2024-03-28 10:30:30.324 | tput: No value for $TERM and no -T specified
2024-03-28 10:30:30.325 | +++lib/neutron:source:89                     trueorfalse False NEUTRON_DEPLOY_MOD_WSGI
2024-03-28 10:30:30.329 | tput: No value for $TERM and no -T specified
2024-03-28 10:30:30.336 | tput: No value for $TERM and no -T specified
2024-03-28 10:30:30.341 | tput: No value for $TERM and no -T specified
2024-03-28 10:30:30.343 | tput: No value for $TERM and no -T specified
2024-03-28 10:30:30.350 | tput: No value for $TERM and no -T specified
2024-03-28 10:30:30.351 | tput: No value for $TERM and no -T specified
2024-03-28 10:30:30.358 | tput: No value for $TERM and no -T specified
2024-03-28 10:30:30.365 | tput: No value for $TERM and no -T specified
2024-03-28 10:30:30.367 | tput: No value for $TERM and no -T specified
2024-03-28 10:30:30.376 | tput: No value for $TERM and no -T specified
2024-03-28 10:30:30.382 | tput: No value for $TERM and no -T specified
2024-03-28 10:30:30.392 | tput: No value for $TERM and no -T specified
2024-03-28 10:30:30.392 | ++lib/neutron:source:89                     NEUTRON_DEPLOY_MOD_WSGI=False
2024-03-28 10:30:30.396 | tput: No value for $TERM and no -T specified
2024-03-28 10:30:30.406 | tput: No value for $TERM and no -T specified
2024-03-28 10:30:30.407 | ++lib/neutron:source:91                     NEUTRON_UWSGI_CONF=/etc/neutron/neutron-api-uwsgi.ini
2024-03-28 10:30:30.412 | tput: No value for $TERM and no -T specified
2024-03-28 10:30:30.422 | tput: No value for $TERM and no -T specified
2024-03-28 10:30:30.422 | +++lib/neutron:source:97                     trueorfalse True NEUTRON_ENFORCE_SCOPE
2024-03-28 10:30:30.427 | tput: No value for $TERM and no -T specified
2024-03-28 10:30:30.436 | tput: No value for $TERM and no -T specified
2024-03-28 10:30:30.443 | tput: No value for $TERM and no -T specified
2024-03-28 10:30:30.443 | tput: No value for $TERM and no -T specified
2024-03-28 10:30:30.451 | tput: No value for $TERM and no -T specified
2024-03-28 10:30:30.452 | tput: No value for $TERM and no -T specified
2024-03-28 10:30:30.459 | tput: No value for $TERM and no -T specified
2024-03-28 10:30:30.469 | tput: No value for $TERM and no -T specified
2024-03-28 10:30:30.474 | tput: No value for $TERM and no -T specified
2024-03-28 10:30:30.483 | tput: No value for $TERM and no -T specified
2024-03-28 10:30:30.489 | tput: No value for $TERM and no -T specified
2024-03-28 10:30:30.498 | tput: No value for $TERM and no -T specified
2024-03-28 10:30:30.498 | ++lib/neutron:source:97                     NEUTRON_ENFORCE_SCOPE=True
2024-03-28 10:30:30.502 | tput: No value for $TERM and no -T specified
2024-03-28 10:30:30.511 | tput: No value for $TERM and no -T specified
2024-03-28 10:30:30.511 | ++lib/neutron:source:101                    AGENT_DHCP_BINARY=/opt/stack/data/venv/bin/neutron-dhcp-agent
2024-03-28 10:30:30.515 | tput: No value for $TERM and no -T specified
2024-03-28 10:30:30.524 | tput: No value for $TERM and no -T specified
2024-03-28 10:30:30.525 | ++lib/neutron:source:102                    AGENT_L3_BINARY=/opt/stack/data/venv/bin/neutron-l3-agent
2024-03-28 10:30:30.529 | tput: No value for $TERM and no -T specified
2024-03-28 10:30:30.538 | tput: No value for $TERM and no -T specified
2024-03-28 10:30:30.538 | ++lib/neutron:source:103                    AGENT_META_BINARY=/opt/stack/data/venv/bin/neutron-metadata-agent
2024-03-28 10:30:30.542 | tput: No value for $TERM and no -T specified
2024-03-28 10:30:30.550 | tput: No value for $TERM and no -T specified
2024-03-28 10:30:30.550 | ++lib/neutron:source:107                    Q_DHCP_CONF_FILE=/etc/neutron/dhcp_agent.ini
2024-03-28 10:30:30.554 | tput: No value for $TERM and no -T specified
2024-03-28 10:30:30.562 | tput: No value for $TERM and no -T specified
