2024-02-29 09:28:32.341 | tput: No value for $TERM and no -T specified
2024-02-29 09:28:32.341 | tput: No value for $TERM and no -T specified
2024-02-29 09:28:32.341 | +./stack.sh:main:516                       exec
2024-02-29 09:28:32.341 | tput: No value for $TERM and no -T specified
2024-02-29 09:28:32.341 | tput: No value for $TERM and no -T specified
2024-02-29 09:28:32.341 | tput: No value for $TERM and no -T specified
2024-02-29 09:28:32.341 | ++./stack.sh:main:516                       /opt/stack/devstack/tools/outfilter.py -o /tmp/devstack_logs/devstacklog.txt.2024-02-29-092832.summary.2024-02-29-092832
2024-02-29 09:28:32.341 | tput: No value for $TERM and no -T specified
2024-02-29 09:28:32.341 | +./stack.sh:main:524                       echo_summary 'stack.sh log /tmp/devstack_logs/devstacklog.txt.2024-02-29-092832'
2024-02-29 09:28:32.341 | tput: No value for $TERM and no -T specified
2024-02-29 09:28:32.341 | tput: No value for $TERM and no -T specified
2024-02-29 09:28:32.341 | +./stack.sh:echo_summary:468               [[ -t 3 ]]
2024-02-29 09:28:32.341 | tput: No value for $TERM and no -T specified
2024-02-29 09:28:32.341 | tput: No value for $TERM and no -T specified
2024-02-29 09:28:32.341 | +./stack.sh:echo_summary:474               echo -e stack.sh log /tmp/devstack_logs/devstacklog.txt.2024-02-29-092832
2024-02-29 09:28:32.341 | tput: No value for $TERM and no -T specified
2024-02-29 09:28:32.341 | tput: No value for $TERM and no -T specified
2024-02-29 09:28:32.341 | +./stack.sh:main:526                       ln -sf /tmp/devstack_logs/devstacklog.txt.2024-02-29-092832 /tmp/devstack_logs/devstacklog.txt
2024-02-29 09:28:32.341 | tput: No value for $TERM and no -T specified
2024-02-29 09:28:32.341 | tput: No value for $TERM and no -T specified
2024-02-29 09:28:32.341 | +./stack.sh:main:527                       ln -sf /tmp/devstack_logs/devstacklog.txt.2024-02-29-092832.summary.2024-02-29-092832 /tmp/devstack_logs/devstacklog.txt.summary
2024-02-29 09:28:32.341 | tput: No value for $TERM and no -T specified
2024-02-29 09:28:32.341 | tput: No value for $TERM and no -T specified
2024-02-29 09:28:32.341 | +./stack.sh:main:542                       check_path_perm_sanity /opt/stack
2024-02-29 09:28:32.341 | tput: No value for $TERM and no -T specified
2024-02-29 09:28:32.342 | tput: No value for $TERM and no -T specified
2024-02-29 09:28:32.342 | +functions:check_path_perm_sanity:607      local real_path
2024-02-29 09:28:32.344 | tput: No value for $TERM and no -T specified
2024-02-29 09:28:32.346 | tput: No value for $TERM and no -T specified
2024-02-29 09:28:32.346 | ++functions:check_path_perm_sanity:608      readlink -f /opt/stack
2024-02-29 09:28:32.349 | tput: No value for $TERM and no -T specified
2024-02-29 09:28:32.351 | tput: No value for $TERM and no -T specified
2024-02-29 09:28:32.351 | +functions:check_path_perm_sanity:608      real_path=/opt/stack
2024-02-29 09:28:32.352 | tput: No value for $TERM and no -T specified
2024-02-29 09:28:32.355 | tput: No value for $TERM and no -T specified
2024-02-29 09:28:32.355 | +functions:check_path_perm_sanity:609      local rebuilt_path=
2024-02-29 09:28:32.357 | tput: No value for $TERM and no -T specified
2024-02-29 09:28:32.358 | tput: No value for $TERM and no -T specified
2024-02-29 09:28:32.361 | tput: No value for $TERM and no -T specified
2024-02-29 09:28:32.361 | ++functions:check_path_perm_sanity:610      echo /opt/stack
2024-02-29 09:28:32.361 | tput: No value for $TERM and no -T specified
2024-02-29 09:28:32.362 | ++functions:check_path_perm_sanity:610      tr / ' '
2024-02-29 09:28:32.364 | tput: No value for $TERM and no -T specified
2024-02-29 09:28:32.367 | tput: No value for $TERM and no -T specified
2024-02-29 09:28:32.368 | +functions:check_path_perm_sanity:610      for i in $(echo ${real_path} | tr "/" " ")
2024-02-29 09:28:32.369 | tput: No value for $TERM and no -T specified
2024-02-29 09:28:32.372 | tput: No value for $TERM and no -T specified
2024-02-29 09:28:32.372 | +functions:check_path_perm_sanity:611      rebuilt_path=/opt
2024-02-29 09:28:32.374 | tput: No value for $TERM and no -T specified
2024-02-29 09:28:32.377 | tput: No value for $TERM and no -T specified
2024-02-29 09:28:32.377 | ++functions:check_path_perm_sanity:613      stat -c %a /opt
2024-02-29 09:28:32.380 | tput: No value for $TERM and no -T specified
2024-02-29 09:28:32.383 | tput: No value for $TERM and no -T specified
2024-02-29 09:28:32.383 | +functions:check_path_perm_sanity:613      [[ 755 = 700 ]]
2024-02-29 09:28:32.384 | tput: No value for $TERM and no -T specified
2024-02-29 09:28:32.388 | tput: No value for $TERM and no -T specified
2024-02-29 09:28:32.388 | +functions:check_path_perm_sanity:610      for i in $(echo ${real_path} | tr "/" " ")
2024-02-29 09:28:32.389 | tput: No value for $TERM and no -T specified
2024-02-29 09:28:32.393 | tput: No value for $TERM and no -T specified
2024-02-29 09:28:32.393 | +functions:check_path_perm_sanity:611      rebuilt_path=/opt/stack
2024-02-29 09:28:32.394 | tput: No value for $TERM and no -T specified
2024-02-29 09:28:32.398 | tput: No value for $TERM and no -T specified
2024-02-29 09:28:32.398 | ++functions:check_path_perm_sanity:613      stat -c %a /opt/stack
2024-02-29 09:28:32.400 | tput: No value for $TERM and no -T specified
2024-02-29 09:28:32.404 | tput: No value for $TERM and no -T specified
2024-02-29 09:28:32.404 | +functions:check_path_perm_sanity:613      [[ 777 = 700 ]]
2024-02-29 09:28:32.406 | tput: No value for $TERM and no -T specified
2024-02-29 09:28:32.410 | tput: No value for $TERM and no -T specified
2024-02-29 09:28:32.411 | +./stack.sh:main:548                       trap exit_trap EXIT
2024-02-29 09:28:32.412 | tput: No value for $TERM and no -T specified
2024-02-29 09:28:32.417 | tput: No value for $TERM and no -T specified
2024-02-29 09:28:32.417 | +./stack.sh:main:589                       trap err_trap ERR
2024-02-29 09:28:32.419 | tput: No value for $TERM and no -T specified
2024-02-29 09:28:32.423 | tput: No value for $TERM and no -T specified
2024-02-29 09:28:32.423 | +./stack.sh:main:602                       set -o errexit
2024-02-29 09:28:32.425 | tput: No value for $TERM and no -T specified
2024-02-29 09:28:32.430 | tput: No value for $TERM and no -T specified
2024-02-29 09:28:32.430 | +./stack.sh:main:605                       uname -a
2024-02-29 09:28:32.431 | Linux ubuntu 5.15.0-92-generic #102-Ubuntu SMP Wed Jan 10 09:33:48 UTC 2024 x86_64 x86_64 x86_64 GNU/Linux
2024-02-29 09:28:32.435 | tput: No value for $TERM and no -T specified
2024-02-29 09:28:32.439 | tput: No value for $TERM and no -T specified
2024-02-29 09:28:32.440 | +./stack.sh:main:608                       SSL_BUNDLE_FILE=/opt/stack/data/ca-bundle.pem
2024-02-29 09:28:32.442 | tput: No value for $TERM and no -T specified
2024-02-29 09:28:32.447 | tput: No value for $TERM and no -T specified
2024-02-29 09:28:32.448 | +./stack.sh:main:609                       rm -f /opt/stack/data/ca-bundle.pem
2024-02-29 09:28:32.452 | tput: No value for $TERM and no -T specified
2024-02-29 09:28:32.458 | tput: No value for $TERM and no -T specified
2024-02-29 09:28:32.459 | +./stack.sh:main:612                       source /opt/stack/devstack/lib/database
2024-02-29 09:28:32.463 | tput: No value for $TERM and no -T specified
2024-02-29 09:28:32.464 | tput: No value for $TERM and no -T specified
2024-02-29 09:28:32.469 | tput: No value for $TERM and no -T specified
2024-02-29 09:28:32.472 | tput: No value for $TERM and no -T specified
2024-02-29 09:28:32.479 | tput: No value for $TERM and no -T specified
2024-02-29 09:28:32.484 | tput: No value for $TERM and no -T specified
2024-02-29 09:28:32.487 | tput: No value for $TERM and no -T specified
2024-02-29 09:28:32.493 | tput: No value for $TERM and no -T specified
2024-02-29 09:28:32.535 | tput: No value for $TERM and no -T specified
2024-02-29 09:28:32.541 | tput: No value for $TERM and no -T specified
2024-02-29 09:28:32.541 | +./stack.sh:main:613                       source /opt/stack/devstack/lib/rpc_backend
2024-02-29 09:28:32.545 | tput: No value for $TERM and no -T specified
2024-02-29 09:28:32.546 | tput: No value for $TERM and no -T specified
2024-02-29 09:28:32.551 | tput: No value for $TERM and no -T specified
2024-02-29 09:28:32.552 | tput: No value for $TERM and no -T specified
2024-02-29 09:28:32.555 | tput: No value for $TERM and no -T specified
2024-02-29 09:28:32.559 | tput: No value for $TERM and no -T specified
2024-02-29 09:28:32.561 | tput: No value for $TERM and no -T specified
2024-02-29 09:28:32.565 | tput: No value for $TERM and no -T specified
2024-02-29 09:28:32.572 | tput: No value for $TERM and no -T specified
2024-02-29 09:28:32.576 | tput: No value for $TERM and no -T specified
2024-02-29 09:28:32.577 | +./stack.sh:main:619                       fetch_plugins
2024-02-29 09:28:32.579 | tput: No value for $TERM and no -T specified
2024-02-29 09:28:32.583 | tput: No value for $TERM and no -T specified
2024-02-29 09:28:32.583 | +functions-common:fetch_plugins:1767       local plugins=
2024-02-29 09:28:32.586 | tput: No value for $TERM and no -T specified
2024-02-29 09:28:32.590 | tput: No value for $TERM and no -T specified
2024-02-29 09:28:32.590 | +functions-common:fetch_plugins:1768       local plugin
2024-02-29 09:28:32.592 | tput: No value for $TERM and no -T specified
2024-02-29 09:28:32.597 | tput: No value for $TERM and no -T specified
2024-02-29 09:28:32.597 | +functions-common:fetch_plugins:1771       [[ -z '' ]]
2024-02-29 09:28:32.599 | tput: No value for $TERM and no -T specified
2024-02-29 09:28:32.605 | tput: No value for $TERM and no -T specified
2024-02-29 09:28:32.605 | +functions-common:fetch_plugins:1772       return
2024-02-29 09:28:32.608 | tput: No value for $TERM and no -T specified
2024-02-29 09:28:32.614 | tput: No value for $TERM and no -T specified
2024-02-29 09:28:32.614 | +./stack.sh:main:623                       run_phase override_defaults
2024-02-29 09:28:32.616 | tput: No value for $TERM and no -T specified
2024-02-29 09:28:32.623 | tput: No value for $TERM and no -T specified
2024-02-29 09:28:32.623 | +functions-common:run_phase:1849           local mode=override_defaults
2024-02-29 09:28:32.626 | tput: No value for $TERM and no -T specified
2024-02-29 09:28:32.632 | tput: No value for $TERM and no -T specified
2024-02-29 09:28:32.632 | +functions-common:run_phase:1850           local phase=
2024-02-29 09:28:32.635 | tput: No value for $TERM and no -T specified
2024-02-29 09:28:32.641 | tput: No value for $TERM and no -T specified
2024-02-29 09:28:32.641 | +functions-common:run_phase:1851           [[ -d /opt/stack/devstack/extras.d ]]
2024-02-29 09:28:32.643 | tput: No value for $TERM and no -T specified
2024-02-29 09:28:32.650 | tput: No value for $TERM and no -T specified
2024-02-29 09:28:32.651 | +functions-common:run_phase:1852           local extra_plugin_file_name
2024-02-29 09:28:32.653 | tput: No value for $TERM and no -T specified
2024-02-29 09:28:32.660 | tput: No value for $TERM and no -T specified
2024-02-29 09:28:32.660 | +functions-common:run_phase:1853           for extra_plugin_file_name in $TOP_DIR/extras.d/*.sh
2024-02-29 09:28:32.664 | tput: No value for $TERM and no -T specified
2024-02-29 09:28:32.670 | tput: No value for $TERM and no -T specified
2024-02-29 09:28:32.671 | +functions-common:run_phase:1858           local exceptions=80-tempest.sh
2024-02-29 09:28:32.673 | tput: No value for $TERM and no -T specified
2024-02-29 09:28:32.679 | tput: No value for $TERM and no -T specified
2024-02-29 09:28:32.679 | +functions-common:run_phase:1859           local extra
2024-02-29 09:28:32.691 | tput: No value for $TERM and no -T specified
2024-02-29 09:28:32.695 | tput: No value for $TERM and no -T specified
2024-02-29 09:28:32.695 | ++functions-common:run_phase:1860           basename /opt/stack/devstack/extras.d/80-tempest.sh
2024-02-29 09:28:32.698 | tput: No value for $TERM and no -T specified
2024-02-29 09:28:32.702 | tput: No value for $TERM and no -T specified
2024-02-29 09:28:32.702 | +functions-common:run_phase:1860           extra=80-tempest.sh
2024-02-29 09:28:32.704 | tput: No value for $TERM and no -T specified
2024-02-29 09:28:32.708 | tput: No value for $TERM and no -T specified
2024-02-29 09:28:32.708 | +functions-common:run_phase:1861           [[ 80-tempest.sh =~ 80-tempest\.sh ]]
2024-02-29 09:28:32.710 | tput: No value for $TERM and no -T specified
2024-02-29 09:28:32.715 | tput: No value for $TERM and no -T specified
2024-02-29 09:28:32.716 | +functions-common:run_phase:1865           [[ -r /opt/stack/devstack/extras.d/80-tempest.sh ]]
2024-02-29 09:28:32.717 | tput: No value for $TERM and no -T specified
2024-02-29 09:28:32.722 | tput: No value for $TERM and no -T specified
2024-02-29 09:28:32.722 | +functions-common:run_phase:1865           source /opt/stack/devstack/extras.d/80-tempest.sh override_defaults
2024-02-29 09:28:32.725 | tput: No value for $TERM and no -T specified
2024-02-29 09:28:32.730 | tput: No value for $TERM and no -T specified
2024-02-29 09:28:32.730 | ++extras.d/80-tempest.sh:source:3           is_service_enabled tempest
2024-02-29 09:28:32.732 | tput: No value for $TERM and no -T specified
2024-02-29 09:28:32.737 | tput: No value for $TERM and no -T specified
2024-02-29 09:28:32.740 | tput: No value for $TERM and no -T specified
2024-02-29 09:28:32.740 | tput: No value for $TERM and no -T specified
2024-02-29 09:28:32.745 | tput: No value for $TERM and no -T specified
2024-02-29 09:28:32.746 | tput: No value for $TERM and no -T specified
2024-02-29 09:28:32.750 | tput: No value for $TERM and no -T specified
2024-02-29 09:28:32.754 | tput: No value for $TERM and no -T specified
2024-02-29 09:28:32.756 | tput: No value for $TERM and no -T specified
2024-02-29 09:28:32.760 | tput: No value for $TERM and no -T specified
2024-02-29 09:28:32.762 | tput: No value for $TERM and no -T specified
2024-02-29 09:28:32.766 | tput: No value for $TERM and no -T specified
2024-02-29 09:28:32.766 | ++functions-common:is_service_enabled:2077  return 0
2024-02-29 09:28:32.768 | tput: No value for $TERM and no -T specified
2024-02-29 09:28:32.772 | tput: No value for $TERM and no -T specified
2024-02-29 09:28:32.773 | ++extras.d/80-tempest.sh:source:4           [[ override_defaults == \s\o\u\r\c\e ]]
2024-02-29 09:28:32.775 | tput: No value for $TERM and no -T specified
2024-02-29 09:28:32.779 | tput: No value for $TERM and no -T specified
2024-02-29 09:28:32.779 | ++extras.d/80-tempest.sh:source:7           [[ override_defaults == \s\t\a\c\k ]]
2024-02-29 09:28:32.781 | tput: No value for $TERM and no -T specified
2024-02-29 09:28:32.786 | tput: No value for $TERM and no -T specified
2024-02-29 09:28:32.787 | ++extras.d/80-tempest.sh:source:10          [[ override_defaults == \s\t\a\c\k ]]
2024-02-29 09:28:32.788 | tput: No value for $TERM and no -T specified
2024-02-29 09:28:32.794 | tput: No value for $TERM and no -T specified
2024-02-29 09:28:32.795 | ++extras.d/80-tempest.sh:source:13          [[ override_defaults == \s\t\a\c\k ]]
2024-02-29 09:28:32.796 | tput: No value for $TERM and no -T specified
2024-02-29 09:28:32.802 | tput: No value for $TERM and no -T specified
2024-02-29 09:28:32.803 | ++extras.d/80-tempest.sh:source:16          [[ override_defaults == \s\t\a\c\k ]]
2024-02-29 09:28:32.804 | tput: No value for $TERM and no -T specified
2024-02-29 09:28:32.811 | tput: No value for $TERM and no -T specified
2024-02-29 09:28:32.811 | ++extras.d/80-tempest.sh:source:19          [[ override_defaults == \s\t\a\c\k ]]
2024-02-29 09:28:32.813 | tput: No value for $TERM and no -T specified
2024-02-29 09:28:32.821 | tput: No value for $TERM and no -T specified
2024-02-29 09:28:32.821 | ++extras.d/80-tempest.sh:source:27          [[ override_defaults == \u\n\s\t\a\c\k ]]
2024-02-29 09:28:32.824 | tput: No value for $TERM and no -T specified
2024-02-29 09:28:32.830 | tput: No value for $TERM and no -T specified
2024-02-29 09:28:32.831 | ++extras.d/80-tempest.sh:source:32          [[ override_defaults == \c\l\e\a\n ]]
2024-02-29 09:28:32.833 | tput: No value for $TERM and no -T specified
2024-02-29 09:28:32.840 | tput: No value for $TERM and no -T specified
2024-02-29 09:28:32.840 | +functions-common:run_phase:1870           [[ override_defaults == \s\o\u\r\c\e ]]
2024-02-29 09:28:32.844 | tput: No value for $TERM and no -T specified
2024-02-29 09:28:32.851 | tput: No value for $TERM and no -T specified
2024-02-29 09:28:32.851 | +functions-common:run_phase:1873           [[ override_defaults == \o\v\e\r\r\i\d\e\_\d\e\f\a\u\l\t\s ]]
2024-02-29 09:28:32.855 | tput: No value for $TERM and no -T specified
2024-02-29 09:28:32.862 | tput: No value for $TERM and no -T specified
2024-02-29 09:28:32.863 | +functions-common:run_phase:1874           plugin_override_defaults
2024-02-29 09:28:32.866 | tput: No value for $TERM and no -T specified
2024-02-29 09:28:32.873 | tput: No value for $TERM and no -T specified
2024-02-29 09:28:32.874 | +functions-common:plugin_override_defaults:1808  local plugins=
2024-02-29 09:28:32.876 | tput: No value for $TERM and no -T specified
2024-02-29 09:28:32.884 | tput: No value for $TERM and no -T specified
2024-02-29 09:28:32.885 | +functions-common:plugin_override_defaults:1809  local plugin
2024-02-29 09:28:32.888 | tput: No value for $TERM and no -T specified
2024-02-29 09:28:32.895 | tput: No value for $TERM and no -T specified
2024-02-29 09:28:32.895 | +functions-common:plugin_override_defaults:1812  [[ -z '' ]]
2024-02-29 09:28:32.899 | tput: No value for $TERM and no -T specified
2024-02-29 09:28:32.906 | tput: No value for $TERM and no -T specified
2024-02-29 09:28:32.906 | +functions-common:plugin_override_defaults:1813  return
2024-02-29 09:28:32.909 | tput: No value for $TERM and no -T specified
2024-02-29 09:28:32.917 | tput: No value for $TERM and no -T specified
2024-02-29 09:28:32.917 | +./stack.sh:main:626                       source /opt/stack/devstack/lib/apache
2024-02-29 09:28:32.923 | tput: No value for $TERM and no -T specified
2024-02-29 09:28:32.924 | tput: No value for $TERM and no -T specified
2024-02-29 09:28:32.930 | tput: No value for $TERM and no -T specified
2024-02-29 09:28:32.931 | tput: No value for $TERM and no -T specified
2024-02-29 09:28:32.936 | tput: No value for $TERM and no -T specified
2024-02-29 09:28:32.940 | tput: No value for $TERM and no -T specified
2024-02-29 09:28:32.943 | tput: No value for $TERM and no -T specified
2024-02-29 09:28:32.948 | tput: No value for $TERM and no -T specified
2024-02-29 09:28:32.957 | tput: No value for $TERM and no -T specified
2024-02-29 09:28:32.963 | tput: No value for $TERM and no -T specified
2024-02-29 09:28:32.963 | +./stack.sh:main:629                       source /opt/stack/devstack/lib/tls
2024-02-29 09:28:32.966 | tput: No value for $TERM and no -T specified
2024-02-29 09:28:32.973 | tput: No value for $TERM and no -T specified
2024-02-29 09:28:32.974 | ++lib/tls:source:38                         is_service_enabled tls-proxy
2024-02-29 09:28:32.977 | tput: No value for $TERM and no -T specified
2024-02-29 09:28:32.982 | tput: No value for $TERM and no -T specified
2024-02-29 09:28:32.987 | tput: tput: No value for $TERM and no -T specified
2024-02-29 09:28:32.987 | No value for $TERM and no -T specified
2024-02-29 09:28:32.993 | tput: No value for $TERM and no -T specified
2024-02-29 09:28:32.994 | tput: No value for $TERM and no -T specified
2024-02-29 09:28:32.999 | tput: No value for $TERM and no -T specified
2024-02-29 09:28:33.005 | tput: No value for $TERM and no -T specified
2024-02-29 09:28:33.006 | tput: No value for $TERM and no -T specified
2024-02-29 09:28:33.012 | tput: No value for $TERM and no -T specified
2024-02-29 09:28:33.014 | tput: No value for $TERM and no -T specified
2024-02-29 09:28:33.020 | tput: No value for $TERM and no -T specified
2024-02-29 09:28:33.021 | ++functions-common:is_service_enabled:2077  return 1
2024-02-29 09:28:33.024 | tput: No value for $TERM and no -T specified
2024-02-29 09:28:33.029 | tput: No value for $TERM and no -T specified
2024-02-29 09:28:33.030 | +++lib/tls:source:43                         hostname -f
2024-02-29 09:28:33.035 | tput: No value for $TERM and no -T specified
2024-02-29 09:28:33.042 | tput: No value for $TERM and no -T specified
2024-02-29 09:28:33.043 | ++lib/tls:source:43                         DEVSTACK_HOSTNAME=localhost
2024-02-29 09:28:33.046 | tput: No value for $TERM and no -T specified
2024-02-29 09:28:33.052 | tput: No value for $TERM and no -T specified
2024-02-29 09:28:33.052 | ++lib/tls:source:44                         DEVSTACK_CERT_NAME=devstack-cert
2024-02-29 09:28:33.056 | tput: No value for $TERM and no -T specified
2024-02-29 09:28:33.063 | tput: No value for $TERM and no -T specified
2024-02-29 09:28:33.063 | ++lib/tls:source:45                         DEVSTACK_CERT=/opt/stack/data/devstack-cert.pem
2024-02-29 09:28:33.067 | tput: No value for $TERM and no -T specified
2024-02-29 09:28:33.075 | tput: No value for $TERM and no -T specified
2024-02-29 09:28:33.075 | ++lib/tls:source:48                         ROOT_CA_DIR=/opt/stack/data/CA/root-ca
2024-02-29 09:28:33.079 | tput: No value for $TERM and no -T specified
2024-02-29 09:28:33.086 | tput: No value for $TERM and no -T specified
2024-02-29 09:28:33.086 | ++lib/tls:source:49                         INT_CA_DIR=/opt/stack/data/CA/int-ca
2024-02-29 09:28:33.089 | tput: No value for $TERM and no -T specified
2024-02-29 09:28:33.097 | tput: No value for $TERM and no -T specified
2024-02-29 09:28:33.098 | ++lib/tls:source:51                         ORG_NAME=OpenStack
2024-02-29 09:28:33.100 | tput: No value for $TERM and no -T specified
2024-02-29 09:28:33.107 | tput: No value for $TERM and no -T specified
2024-02-29 09:28:33.108 | ++lib/tls:source:52                         ORG_UNIT_NAME=DevStack
2024-02-29 09:28:33.110 | tput: No value for $TERM and no -T specified
2024-02-29 09:28:33.118 | tput: No value for $TERM and no -T specified
2024-02-29 09:28:33.118 | ++lib/tls:source:55                         STUD_PROTO=--tls
2024-02-29 09:28:33.122 | tput: No value for $TERM and no -T specified
2024-02-29 09:28:33.129 | tput: No value for $TERM and no -T specified
2024-02-29 09:28:33.130 | ++lib/tls:source:56                         STUD_CIPHERS='TLSv1+HIGH:!DES:!aNULL:!eNULL:@STRENGTH'
2024-02-29 09:28:33.134 | tput: No value for $TERM and no -T specified
2024-02-29 09:28:33.141 | tput: No value for $TERM and no -T specified
2024-02-29 09:28:33.142 | ++lib/tls:source:63                         OPENSSL=/usr/bin/openssl
2024-02-29 09:28:33.152 | tput: No value for $TERM and no -T specified
2024-02-29 09:28:33.161 | tput: No value for $TERM and no -T specified
2024-02-29 09:28:33.161 | +./stack.sh:main:632                       source /opt/stack/devstack/lib/infra
2024-02-29 09:28:33.166 | tput: No value for $TERM and no -T specified
2024-02-29 09:28:33.168 | tput: No value for $TERM and no -T specified
2024-02-29 09:28:33.175 | tput: No value for $TERM and no -T specified
2024-02-29 09:28:33.175 | tput: No value for $TERM and no -T specified
2024-02-29 09:28:33.180 | tput: No value for $TERM and no -T specified
2024-02-29 09:28:33.186 | tput: No value for $TERM and no -T specified
2024-02-29 09:28:33.189 | tput: No value for $TERM and no -T specified
2024-02-29 09:28:33.195 | tput: No value for $TERM and no -T specified
2024-02-29 09:28:33.198 | tput: No value for $TERM and no -T specified
2024-02-29 09:28:33.204 | tput: No value for $TERM and no -T specified
2024-02-29 09:28:33.204 | +./stack.sh:main:633                       source /opt/stack/devstack/lib/libraries
2024-02-29 09:28:33.209 | tput: No value for $TERM and no -T specified
2024-02-29 09:28:33.209 | tput: No value for $TERM and no -T specified
2024-02-29 09:28:33.214 | tput: No value for $TERM and no -T specified
2024-02-29 09:28:33.217 | tput: No value for $TERM and no -T specified
2024-02-29 09:28:33.221 | tput: No value for $TERM and no -T specified
2024-02-29 09:28:33.227 | tput: No value for $TERM and no -T specified
2024-02-29 09:28:33.229 | tput: No value for $TERM and no -T specified
2024-02-29 09:28:33.234 | tput: No value for $TERM and no -T specified
2024-02-29 09:28:33.244 | tput: No value for $TERM and no -T specified
2024-02-29 09:28:33.250 | tput: No value for $TERM and no -T specified
2024-02-29 09:28:33.250 | +./stack.sh:main:634                       source /opt/stack/devstack/lib/lvm
2024-02-29 09:28:33.253 | tput: No value for $TERM and no -T specified
2024-02-29 09:28:33.254 | tput: No value for $TERM and no -T specified
2024-02-29 09:28:33.260 | tput: No value for $TERM and no -T specified
2024-02-29 09:28:33.260 | tput: No value for $TERM and no -T specified
2024-02-29 09:28:33.265 | tput: No value for $TERM and no -T specified
2024-02-29 09:28:33.270 | tput: No value for $TERM and no -T specified
2024-02-29 09:28:33.271 | tput: No value for $TERM and no -T specified
2024-02-29 09:28:33.276 | tput: No value for $TERM and no -T specified
2024-02-29 09:28:33.280 | tput: No value for $TERM and no -T specified
2024-02-29 09:28:33.285 | tput: No value for $TERM and no -T specified
2024-02-29 09:28:33.285 | +./stack.sh:main:635                       source /opt/stack/devstack/lib/horizon
2024-02-29 09:28:33.289 | tput: No value for $TERM and no -T specified
2024-02-29 09:28:33.289 | tput: No value for $TERM and no -T specified
2024-02-29 09:28:33.294 | tput: No value for $TERM and no -T specified
2024-02-29 09:28:33.294 | tput: No value for $TERM and no -T specified
2024-02-29 09:28:33.298 | tput: No value for $TERM and no -T specified
2024-02-29 09:28:33.303 | tput: No value for $TERM and no -T specified
2024-02-29 09:28:33.304 | tput: No value for $TERM and no -T specified
2024-02-29 09:28:33.308 | tput: No value for $TERM and no -T specified
2024-02-29 09:28:33.312 | tput: No value for $TERM and no -T specified
2024-02-29 09:28:33.316 | tput: No value for $TERM and no -T specified
2024-02-29 09:28:33.316 | +./stack.sh:main:636                       source /opt/stack/devstack/lib/keystone
2024-02-29 09:28:33.319 | tput: No value for $TERM and no -T specified
2024-02-29 09:28:33.320 | tput: No value for $TERM and no -T specified
2024-02-29 09:28:33.324 | tput: No value for $TERM and no -T specified
2024-02-29 09:28:33.325 | tput: No value for $TERM and no -T specified
2024-02-29 09:28:33.328 | tput: No value for $TERM and no -T specified
2024-02-29 09:28:33.332 | tput: No value for $TERM and no -T specified
2024-02-29 09:28:33.333 | tput: No value for $TERM and no -T specified
2024-02-29 09:28:33.337 | tput: No value for $TERM and no -T specified
2024-02-29 09:28:33.362 | tput: No value for $TERM and no -T specified
2024-02-29 09:28:33.366 | tput: No value for $TERM and no -T specified
2024-02-29 09:28:33.366 | +./stack.sh:main:637                       source /opt/stack/devstack/lib/glance
2024-02-29 09:28:33.369 | tput: No value for $TERM and no -T specified
2024-02-29 09:28:33.369 | tput: No value for $TERM and no -T specified
2024-02-29 09:28:33.373 | tput: No value for $TERM and no -T specified
2024-02-29 09:28:33.374 | tput: No value for $TERM and no -T specified
2024-02-29 09:28:33.378 | tput: No value for $TERM and no -T specified
2024-02-29 09:28:33.382 | tput: No value for $TERM and no -T specified
2024-02-29 09:28:33.383 | tput: No value for $TERM and no -T specified
2024-02-29 09:28:33.386 | tput: No value for $TERM and no -T specified
2024-02-29 09:28:33.430 | tput: No value for $TERM and no -T specified
2024-02-29 09:28:33.434 | tput: No value for $TERM and no -T specified
2024-02-29 09:28:33.434 | +./stack.sh:main:638                       source /opt/stack/devstack/lib/nova
2024-02-29 09:28:33.436 | tput: No value for $TERM and no -T specified
2024-02-29 09:28:33.437 | tput: No value for $TERM and no -T specified
2024-02-29 09:28:33.441 | tput: No value for $TERM and no -T specified
2024-02-29 09:28:33.442 | tput: No value for $TERM and no -T specified
2024-02-29 09:28:33.445 | tput: No value for $TERM and no -T specified
2024-02-29 09:28:33.450 | tput: No value for $TERM and no -T specified
2024-02-29 09:28:33.452 | tput: No value for $TERM and no -T specified
2024-02-29 09:28:33.455 | tput: No value for $TERM and no -T specified
2024-02-29 09:28:33.534 | tput: No value for $TERM and no -T specified
2024-02-29 09:28:33.539 | tput: No value for $TERM and no -T specified
2024-02-29 09:28:33.539 | +./stack.sh:main:639                       source /opt/stack/devstack/lib/placement
2024-02-29 09:28:33.543 | tput: No value for $TERM and no -T specified
2024-02-29 09:28:33.544 | tput: No value for $TERM and no -T specified
2024-02-29 09:28:33.549 | tput: No value for $TERM and no -T specified
2024-02-29 09:28:33.549 | tput: No value for $TERM and no -T specified
2024-02-29 09:28:33.553 | tput: No value for $TERM and no -T specified
2024-02-29 09:28:33.558 | tput: No value for $TERM and no -T specified
2024-02-29 09:28:33.560 | tput: No value for $TERM and no -T specified
2024-02-29 09:28:33.565 | tput: No value for $TERM and no -T specified
2024-02-29 09:28:33.582 | tput: No value for $TERM and no -T specified
2024-02-29 09:28:33.587 | tput: No value for $TERM and no -T specified
2024-02-29 09:28:33.588 | +./stack.sh:main:640                       source /opt/stack/devstack/lib/cinder
2024-02-29 09:28:33.590 | tput: No value for $TERM and no -T specified
2024-02-29 09:28:33.591 | tput: No value for $TERM and no -T specified
2024-02-29 09:28:33.596 | tput: No value for $TERM and no -T specified
2024-02-29 09:28:33.596 | tput: No value for $TERM and no -T specified
2024-02-29 09:28:33.600 | tput: No value for $TERM and no -T specified
2024-02-29 09:28:33.604 | tput: No value for $TERM and no -T specified
2024-02-29 09:28:33.606 | tput: No value for $TERM and no -T specified
2024-02-29 09:28:33.609 | tput: No value for $TERM and no -T specified
2024-02-29 09:28:33.646 | tput: No value for $TERM and no -T specified
2024-02-29 09:28:33.651 | tput: No value for $TERM and no -T specified
2024-02-29 09:28:33.651 | +./stack.sh:main:641                       source /opt/stack/devstack/lib/swift
2024-02-29 09:28:33.655 | tput: No value for $TERM and no -T specified
2024-02-29 09:28:33.655 | tput: No value for $TERM and no -T specified
2024-02-29 09:28:33.660 | tput: No value for $TERM and no -T specified
2024-02-29 09:28:33.661 | tput: No value for $TERM and no -T specified
2024-02-29 09:28:33.665 | tput: No value for $TERM and no -T specified
2024-02-29 09:28:33.669 | tput: No value for $TERM and no -T specified
2024-02-29 09:28:33.672 | tput: No value for $TERM and no -T specified
2024-02-29 09:28:33.676 | tput: No value for $TERM and no -T specified
2024-02-29 09:28:33.716 | tput: No value for $TERM and no -T specified
2024-02-29 09:28:33.721 | tput: No value for $TERM and no -T specified
2024-02-29 09:28:33.721 | +./stack.sh:main:642                       source /opt/stack/devstack/lib/neutron
2024-02-29 09:28:33.724 | tput: No value for $TERM and no -T specified
2024-02-29 09:28:33.731 | tput: No value for $TERM and no -T specified
2024-02-29 09:28:33.731 | ++lib/neutron:source:61                     is_service_enabled tls-proxy
2024-02-29 09:28:33.735 | tput: No value for $TERM and no -T specified
2024-02-29 09:28:33.740 | tput: No value for $TERM and no -T specified
2024-02-29 09:28:33.745 | tput: No value for $TERM and no -T specified
2024-02-29 09:28:33.745 | tput: No value for $TERM and no -T specified
2024-02-29 09:28:33.751 | tput: No value for $TERM and no -T specified
2024-02-29 09:28:33.751 | tput: No value for $TERM and no -T specified
2024-02-29 09:28:33.756 | tput: No value for $TERM and no -T specified
2024-02-29 09:28:33.760 | tput: No value for $TERM and no -T specified
2024-02-29 09:28:33.762 | tput: No value for $TERM and no -T specified
2024-02-29 09:28:33.766 | tput: No value for $TERM and no -T specified
2024-02-29 09:28:33.769 | tput: No value for $TERM and no -T specified
2024-02-29 09:28:33.774 | tput: No value for $TERM and no -T specified
2024-02-29 09:28:33.775 | ++functions-common:is_service_enabled:2077  return 1
2024-02-29 09:28:33.776 | tput: No value for $TERM and no -T specified
2024-02-29 09:28:33.782 | tput: No value for $TERM and no -T specified
2024-02-29 09:28:33.783 | ++lib/neutron:source:67                     GITDIR["python-neutronclient"]=/opt/stack/python-neutronclient
2024-02-29 09:28:33.785 | tput: No value for $TERM and no -T specified
2024-02-29 09:28:33.791 | tput: No value for $TERM and no -T specified
2024-02-29 09:28:33.791 | ++lib/neutron:source:70                     NEUTRON_DIR=/opt/stack/neutron
2024-02-29 09:28:33.794 | tput: No value for $TERM and no -T specified
2024-02-29 09:28:33.799 | tput: No value for $TERM and no -T specified
2024-02-29 09:28:33.800 | ++lib/neutron:source:71                     NEUTRON_FWAAS_DIR=/opt/stack/neutron-fwaas
2024-02-29 09:28:33.803 | tput: No value for $TERM and no -T specified
2024-02-29 09:28:33.809 | tput: No value for $TERM and no -T specified
2024-02-29 09:28:33.809 | ++lib/neutron:source:74                     [[ -d /opt/stack/neutron/bin/neutron-server ]]
2024-02-29 09:28:33.813 | tput: No value for $TERM and no -T specified
2024-02-29 09:28:33.820 | tput: No value for $TERM and no -T specified
2024-02-29 09:28:33.820 | +++lib/neutron:source:77                     get_python_exec_prefix
2024-02-29 09:28:33.823 | tput: No value for $TERM and no -T specified
2024-02-29 09:28:33.830 | tput: No value for $TERM and no -T specified
2024-02-29 09:28:33.834 | tput: No value for $TERM and no -T specified
2024-02-29 09:28:33.836 | tput: No value for $TERM and no -T specified
2024-02-29 09:28:33.843 | tput: No value for $TERM and no -T specified
2024-02-29 09:28:33.845 | tput: No value for $TERM and no -T specified
2024-02-29 09:28:33.848 | tput: No value for $TERM and no -T specified
2024-02-29 09:28:33.853 | tput: No value for $TERM and no -T specified
2024-02-29 09:28:33.856 | tput: No value for $TERM and no -T specified
2024-02-29 09:28:33.860 | tput: No value for $TERM and no -T specified
2024-02-29 09:28:33.863 | tput: No value for $TERM and no -T specified
2024-02-29 09:28:33.868 | tput: No value for $TERM and no -T specified
2024-02-29 09:28:33.869 | +++inc/python:get_python_exec_prefix:81      [[ True == \T\r\u\e ]]
2024-02-29 09:28:33.871 | tput: No value for $TERM and no -T specified
2024-02-29 09:28:33.876 | tput: No value for $TERM and no -T specified
2024-02-29 09:28:33.877 | +++inc/python:get_python_exec_prefix:82      echo /opt/stack/data/venv/bin
2024-02-29 09:28:33.879 | tput: No value for $TERM and no -T specified
2024-02-29 09:28:33.886 | tput: No value for $TERM and no -T specified
2024-02-29 09:28:33.886 | ++lib/neutron:source:77                     NEUTRON_BIN_DIR=/opt/stack/data/venv/bin
2024-02-29 09:28:33.889 | tput: No value for $TERM and no -T specified
2024-02-29 09:28:33.895 | tput: No value for $TERM and no -T specified
2024-02-29 09:28:33.895 | ++lib/neutron:source:80                     NEUTRON_CONF_DIR=/etc/neutron
2024-02-29 09:28:33.899 | tput: No value for $TERM and no -T specified
2024-02-29 09:28:33.906 | tput: No value for $TERM and no -T specified
2024-02-29 09:28:33.906 | ++lib/neutron:source:81                     NEUTRON_CONF=/etc/neutron/neutron.conf
2024-02-29 09:28:33.910 | tput: No value for $TERM and no -T specified
2024-02-29 09:28:33.917 | tput: No value for $TERM and no -T specified
2024-02-29 09:28:33.918 | ++lib/neutron:source:82                     export NEUTRON_TEST_CONFIG_FILE=/etc/neutron/debug.ini
2024-02-29 09:28:33.921 | tput: No value for $TERM and no -T specified
2024-02-29 09:28:33.928 | tput: No value for $TERM and no -T specified
2024-02-29 09:28:33.929 | ++lib/neutron:source:82                     NEUTRON_TEST_CONFIG_FILE=/etc/neutron/debug.ini
2024-02-29 09:28:33.934 | tput: No value for $TERM and no -T specified
2024-02-29 09:28:33.942 | tput: No value for $TERM and no -T specified
2024-02-29 09:28:33.942 | +++lib/neutron:source:89                     trueorfalse False NEUTRON_DEPLOY_MOD_WSGI
2024-02-29 09:28:33.946 | tput: No value for $TERM and no -T specified
2024-02-29 09:28:33.952 | tput: No value for $TERM and no -T specified
2024-02-29 09:28:33.958 | tput: No value for $TERM and no -T specified
2024-02-29 09:28:33.959 | tput: No value for $TERM and no -T specified
2024-02-29 09:28:33.966 | tput: No value for $TERM and no -T specified
2024-02-29 09:28:33.967 | tput: No value for $TERM and no -T specified
2024-02-29 09:28:33.972 | tput: No value for $TERM and no -T specified
2024-02-29 09:28:33.977 | tput: No value for $TERM and no -T specified
2024-02-29 09:28:33.979 | tput: No value for $TERM and no -T specified
2024-02-29 09:28:33.985 | tput: No value for $TERM and no -T specified
2024-02-29 09:28:33.987 | tput: No value for $TERM and no -T specified
2024-02-29 09:28:33.994 | tput: No value for $TERM and no -T specified
2024-02-29 09:28:33.994 | ++lib/neutron:source:89                     NEUTRON_DEPLOY_MOD_WSGI=False
2024-02-29 09:28:33.996 | tput: No value for $TERM and no -T specified
2024-02-29 09:28:34.002 | tput: No value for $TERM and no -T specified
2024-02-29 09:28:34.002 | ++lib/neutron:source:91                     NEUTRON_UWSGI_CONF=/etc/neutron/neutron-api-uwsgi.ini
2024-02-29 09:28:34.006 | tput: No value for $TERM and no -T specified
2024-02-29 09:28:34.013 | tput: No value for $TERM and no -T specified
2024-02-29 09:28:34.013 | +++lib/neutron:source:97                     trueorfalse True NEUTRON_ENFORCE_SCOPE
2024-02-29 09:28:34.016 | tput: No value for $TERM and no -T specified
2024-02-29 09:28:34.022 | tput: No value for $TERM and no -T specified
2024-02-29 09:28:34.026 | tput: No value for $TERM and no -T specified
2024-02-29 09:28:34.027 | tput: No value for $TERM and no -T specified
2024-02-29 09:28:34.032 | tput: No value for $TERM and no -T specified
2024-02-29 09:28:34.034 | tput: No value for $TERM and no -T specified
2024-02-29 09:28:34.039 | tput: No value for $TERM and no -T specified
2024-02-29 09:28:34.043 | tput: No value for $TERM and no -T specified
2024-02-29 09:28:34.045 | tput: No value for $TERM and no -T specified
2024-02-29 09:28:34.050 | tput: No value for $TERM and no -T specified
2024-02-29 09:28:34.053 | tput: No value for $TERM and no -T specified
2024-02-29 09:28:34.059 | tput: No value for $TERM and no -T specified
2024-02-29 09:28:34.059 | ++lib/neutron:source:97                     NEUTRON_ENFORCE_SCOPE=True
2024-02-29 09:28:34.061 | tput: No value for $TERM and no -T specified
2024-02-29 09:28:34.067 | tput: No value for $TERM and no -T specified
2024-02-29 09:28:34.067 | ++lib/neutron:source:101                    AGENT_DHCP_BINARY=/opt/stack/data/venv/bin/neutron-dhcp-agent
2024-02-29 09:28:34.070 | tput: No value for $TERM and no -T specified
2024-02-29 09:28:34.076 | tput: No value for $TERM and no -T specified
2024-02-29 09:28:34.076 | ++lib/neutron:source:102                    AGENT_L3_BINARY=/opt/stack/data/venv/bin/neutron-l3-agent
2024-02-29 09:28:34.079 | tput: No value for $TERM and no -T specified
2024-02-29 09:28:34.086 | tput: No value for $TERM and no -T specified
2024-02-29 09:28:34.086 | ++lib/neutron:source:103                    AGENT_META_BINARY=/opt/stack/data/venv/bin/neutron-metadata-agent
2024-02-29 09:28:34.089 | tput: No value for $TERM and no -T specified
2024-02-29 09:28:34.097 | tput: No value for $TERM and no -T specified
2024-02-29 09:28:34.097 | ++lib/neutron:source:107                    Q_DHCP_CONF_FILE=/etc/neutron/dhcp_agent.ini
2024-02-29 09:28:34.100 | tput: No value for $TERM and no -T specified
2024-02-29 09:28:34.108 | tput: No value for $TERM and no -T specified
