2024-03-19 23:22:35.146 | tput: No value for $TERM and no -T specified
2024-03-19 23:22:35.146 | tput: No value for $TERM and no -T specified
2024-03-19 23:22:35.146 | +./stack.sh:main:516                       exec
2024-03-19 23:22:35.146 | tput: No value for $TERM and no -T specified
2024-03-19 23:22:35.146 | tput: No value for $TERM and no -T specified
2024-03-19 23:22:35.146 | tput: No value for $TERM and no -T specified
2024-03-19 23:22:35.146 | ++./stack.sh:main:516                       /opt/stack/devstack/tools/outfilter.py -o /tmp/devstack_logs/devstacklog.txt.2024-03-19-232234.summary.2024-03-19-232234
2024-03-19 23:22:35.146 | tput: No value for $TERM and no -T specified
2024-03-19 23:22:35.146 | +./stack.sh:main:524                       echo_summary 'stack.sh log /tmp/devstack_logs/devstacklog.txt.2024-03-19-232234'
2024-03-19 23:22:35.146 | tput: No value for $TERM and no -T specified
2024-03-19 23:22:35.146 | tput: No value for $TERM and no -T specified
2024-03-19 23:22:35.146 | +./stack.sh:echo_summary:468               [[ -t 3 ]]
2024-03-19 23:22:35.146 | tput: No value for $TERM and no -T specified
2024-03-19 23:22:35.146 | tput: No value for $TERM and no -T specified
2024-03-19 23:22:35.146 | +./stack.sh:echo_summary:474               echo -e stack.sh log /tmp/devstack_logs/devstacklog.txt.2024-03-19-232234
2024-03-19 23:22:35.146 | tput: No value for $TERM and no -T specified
2024-03-19 23:22:35.146 | tput: No value for $TERM and no -T specified
2024-03-19 23:22:35.146 | +./stack.sh:main:526                       ln -sf /tmp/devstack_logs/devstacklog.txt.2024-03-19-232234 /tmp/devstack_logs/devstacklog.txt
2024-03-19 23:22:35.146 | tput: No value for $TERM and no -T specified
2024-03-19 23:22:35.146 | tput: No value for $TERM and no -T specified
2024-03-19 23:22:35.146 | +./stack.sh:main:527                       ln -sf /tmp/devstack_logs/devstacklog.txt.2024-03-19-232234.summary.2024-03-19-232234 /tmp/devstack_logs/devstacklog.txt.summary
2024-03-19 23:22:35.146 | tput: No value for $TERM and no -T specified
2024-03-19 23:22:35.149 | tput: No value for $TERM and no -T specified
2024-03-19 23:22:35.149 | +./stack.sh:main:542                       check_path_perm_sanity /opt/stack
2024-03-19 23:22:35.150 | tput: No value for $TERM and no -T specified
2024-03-19 23:22:35.153 | tput: No value for $TERM and no -T specified
2024-03-19 23:22:35.153 | +functions:check_path_perm_sanity:607      local real_path
2024-03-19 23:22:35.155 | tput: No value for $TERM and no -T specified
2024-03-19 23:22:35.157 | tput: No value for $TERM and no -T specified
2024-03-19 23:22:35.158 | ++functions:check_path_perm_sanity:608      readlink -f /opt/stack
2024-03-19 23:22:35.160 | tput: No value for $TERM and no -T specified
2024-03-19 23:22:35.162 | tput: No value for $TERM and no -T specified
2024-03-19 23:22:35.162 | +functions:check_path_perm_sanity:608      real_path=/opt/stack
2024-03-19 23:22:35.163 | tput: No value for $TERM and no -T specified
2024-03-19 23:22:35.166 | tput: No value for $TERM and no -T specified
2024-03-19 23:22:35.166 | +functions:check_path_perm_sanity:609      local rebuilt_path=
2024-03-19 23:22:35.168 | tput: No value for $TERM and no -T specified
2024-03-19 23:22:35.169 | tput: No value for $TERM and no -T specified
2024-03-19 23:22:35.172 | tput: No value for $TERM and no -T specified
2024-03-19 23:22:35.172 | ++functions:check_path_perm_sanity:610      echo /opt/stack
2024-03-19 23:22:35.173 | tput: No value for $TERM and no -T specified
2024-03-19 23:22:35.173 | ++functions:check_path_perm_sanity:610      tr / ' '
2024-03-19 23:22:35.176 | tput: No value for $TERM and no -T specified
2024-03-19 23:22:35.178 | tput: No value for $TERM and no -T specified
2024-03-19 23:22:35.179 | +functions:check_path_perm_sanity:610      for i in $(echo ${real_path} | tr "/" " ")
2024-03-19 23:22:35.180 | tput: No value for $TERM and no -T specified
2024-03-19 23:22:35.182 | tput: No value for $TERM and no -T specified
2024-03-19 23:22:35.182 | +functions:check_path_perm_sanity:611      rebuilt_path=/opt
2024-03-19 23:22:35.184 | tput: No value for $TERM and no -T specified
2024-03-19 23:22:35.190 | tput: No value for $TERM and no -T specified
2024-03-19 23:22:35.190 | ++functions:check_path_perm_sanity:613      stat -c %a /opt
2024-03-19 23:22:35.193 | tput: No value for $TERM and no -T specified
2024-03-19 23:22:35.199 | tput: No value for $TERM and no -T specified
2024-03-19 23:22:35.200 | +functions:check_path_perm_sanity:613      [[ 755 = 700 ]]
2024-03-19 23:22:35.201 | tput: No value for $TERM and no -T specified
2024-03-19 23:22:35.207 | tput: No value for $TERM and no -T specified
2024-03-19 23:22:35.208 | +functions:check_path_perm_sanity:610      for i in $(echo ${real_path} | tr "/" " ")
2024-03-19 23:22:35.209 | tput: No value for $TERM and no -T specified
2024-03-19 23:22:35.216 | tput: No value for $TERM and no -T specified
2024-03-19 23:22:35.216 | +functions:check_path_perm_sanity:611      rebuilt_path=/opt/stack
2024-03-19 23:22:35.219 | tput: No value for $TERM and no -T specified
2024-03-19 23:22:35.226 | tput: No value for $TERM and no -T specified
2024-03-19 23:22:35.227 | ++functions:check_path_perm_sanity:613      stat -c %a /opt/stack
2024-03-19 23:22:35.232 | tput: No value for $TERM and no -T specified
2024-03-19 23:22:35.238 | tput: No value for $TERM and no -T specified
2024-03-19 23:22:35.238 | +functions:check_path_perm_sanity:613      [[ 777 = 700 ]]
2024-03-19 23:22:35.241 | tput: No value for $TERM and no -T specified
2024-03-19 23:22:35.248 | tput: No value for $TERM and no -T specified
2024-03-19 23:22:35.248 | +./stack.sh:main:548                       trap exit_trap EXIT
2024-03-19 23:22:35.252 | tput: No value for $TERM and no -T specified
2024-03-19 23:22:35.261 | tput: No value for $TERM and no -T specified
2024-03-19 23:22:35.261 | +./stack.sh:main:589                       trap err_trap ERR
2024-03-19 23:22:35.265 | tput: No value for $TERM and no -T specified
2024-03-19 23:22:35.272 | tput: No value for $TERM and no -T specified
2024-03-19 23:22:35.273 | +./stack.sh:main:602                       set -o errexit
2024-03-19 23:22:35.276 | tput: No value for $TERM and no -T specified
2024-03-19 23:22:35.283 | tput: No value for $TERM and no -T specified
2024-03-19 23:22:35.284 | +./stack.sh:main:605                       uname -a
2024-03-19 23:22:35.286 | Linux ubuntu 5.15.0-92-generic #102-Ubuntu SMP Wed Jan 10 09:33:48 UTC 2024 x86_64 x86_64 x86_64 GNU/Linux
2024-03-19 23:22:35.290 | tput: No value for $TERM and no -T specified
2024-03-19 23:22:35.298 | tput: No value for $TERM and no -T specified
2024-03-19 23:22:35.298 | +./stack.sh:main:608                       SSL_BUNDLE_FILE=/opt/stack/data/ca-bundle.pem
2024-03-19 23:22:35.302 | tput: No value for $TERM and no -T specified
2024-03-19 23:22:35.309 | tput: No value for $TERM and no -T specified
2024-03-19 23:22:35.310 | +./stack.sh:main:609                       rm -f /opt/stack/data/ca-bundle.pem
2024-03-19 23:22:35.315 | tput: No value for $TERM and no -T specified
2024-03-19 23:22:35.323 | tput: No value for $TERM and no -T specified
2024-03-19 23:22:35.324 | +./stack.sh:main:612                       source /opt/stack/devstack/lib/database
2024-03-19 23:22:35.330 | tput: No value for $TERM and no -T specified
2024-03-19 23:22:35.330 | tput: No value for $TERM and no -T specified
2024-03-19 23:22:35.337 | tput: No value for $TERM and no -T specified
2024-03-19 23:22:35.338 | tput: No value for $TERM and no -T specified
2024-03-19 23:22:35.343 | tput: No value for $TERM and no -T specified
2024-03-19 23:22:35.351 | tput: No value for $TERM and no -T specified
2024-03-19 23:22:35.355 | tput: No value for $TERM and no -T specified
2024-03-19 23:22:35.363 | tput: No value for $TERM and no -T specified
2024-03-19 23:22:35.421 | tput: No value for $TERM and no -T specified
2024-03-19 23:22:35.430 | tput: No value for $TERM and no -T specified
2024-03-19 23:22:35.430 | +./stack.sh:main:613                       source /opt/stack/devstack/lib/rpc_backend
2024-03-19 23:22:35.436 | tput: No value for $TERM and no -T specified
2024-03-19 23:22:35.437 | tput: No value for $TERM and no -T specified
2024-03-19 23:22:35.444 | tput: No value for $TERM and no -T specified
2024-03-19 23:22:35.446 | tput: No value for $TERM and no -T specified
2024-03-19 23:22:35.451 | tput: No value for $TERM and no -T specified
2024-03-19 23:22:35.458 | tput: No value for $TERM and no -T specified
2024-03-19 23:22:35.460 | tput: No value for $TERM and no -T specified
2024-03-19 23:22:35.467 | tput: No value for $TERM and no -T specified
2024-03-19 23:22:35.479 | tput: No value for $TERM and no -T specified
2024-03-19 23:22:35.486 | tput: No value for $TERM and no -T specified
2024-03-19 23:22:35.486 | +./stack.sh:main:619                       fetch_plugins
2024-03-19 23:22:35.489 | tput: No value for $TERM and no -T specified
2024-03-19 23:22:35.495 | tput: No value for $TERM and no -T specified
2024-03-19 23:22:35.496 | +functions-common:fetch_plugins:1767       local plugins=
2024-03-19 23:22:35.499 | tput: No value for $TERM and no -T specified
2024-03-19 23:22:35.506 | tput: No value for $TERM and no -T specified
2024-03-19 23:22:35.506 | +functions-common:fetch_plugins:1768       local plugin
2024-03-19 23:22:35.509 | tput: No value for $TERM and no -T specified
2024-03-19 23:22:35.516 | tput: No value for $TERM and no -T specified
2024-03-19 23:22:35.516 | +functions-common:fetch_plugins:1771       [[ -z '' ]]
2024-03-19 23:22:35.520 | tput: No value for $TERM and no -T specified
2024-03-19 23:22:35.527 | tput: No value for $TERM and no -T specified
2024-03-19 23:22:35.528 | +functions-common:fetch_plugins:1772       return
2024-03-19 23:22:35.532 | tput: No value for $TERM and no -T specified
2024-03-19 23:22:35.538 | tput: No value for $TERM and no -T specified
2024-03-19 23:22:35.539 | +./stack.sh:main:623                       run_phase override_defaults
2024-03-19 23:22:35.542 | tput: No value for $TERM and no -T specified
2024-03-19 23:22:35.550 | tput: No value for $TERM and no -T specified
2024-03-19 23:22:35.550 | +functions-common:run_phase:1849           local mode=override_defaults
2024-03-19 23:22:35.553 | tput: No value for $TERM and no -T specified
2024-03-19 23:22:35.560 | tput: No value for $TERM and no -T specified
2024-03-19 23:22:35.560 | +functions-common:run_phase:1850           local phase=
2024-03-19 23:22:35.564 | tput: No value for $TERM and no -T specified
2024-03-19 23:22:35.572 | tput: No value for $TERM and no -T specified
2024-03-19 23:22:35.572 | +functions-common:run_phase:1851           [[ -d /opt/stack/devstack/extras.d ]]
2024-03-19 23:22:35.576 | tput: No value for $TERM and no -T specified
2024-03-19 23:22:35.584 | tput: No value for $TERM and no -T specified
2024-03-19 23:22:35.584 | +functions-common:run_phase:1852           local extra_plugin_file_name
2024-03-19 23:22:35.587 | tput: No value for $TERM and no -T specified
2024-03-19 23:22:35.595 | tput: No value for $TERM and no -T specified
2024-03-19 23:22:35.595 | +functions-common:run_phase:1853           for extra_plugin_file_name in $TOP_DIR/extras.d/*.sh
2024-03-19 23:22:35.598 | tput: No value for $TERM and no -T specified
2024-03-19 23:22:35.607 | tput: No value for $TERM and no -T specified
2024-03-19 23:22:35.607 | +functions-common:run_phase:1858           local exceptions=80-tempest.sh
2024-03-19 23:22:35.611 | tput: No value for $TERM and no -T specified
2024-03-19 23:22:35.620 | tput: No value for $TERM and no -T specified
2024-03-19 23:22:35.620 | +functions-common:run_phase:1859           local extra
2024-03-19 23:22:35.625 | tput: No value for $TERM and no -T specified
2024-03-19 23:22:35.632 | tput: No value for $TERM and no -T specified
2024-03-19 23:22:35.633 | ++functions-common:run_phase:1860           basename /opt/stack/devstack/extras.d/80-tempest.sh
2024-03-19 23:22:35.638 | tput: No value for $TERM and no -T specified
2024-03-19 23:22:35.646 | tput: No value for $TERM and no -T specified
2024-03-19 23:22:35.646 | +functions-common:run_phase:1860           extra=80-tempest.sh
2024-03-19 23:22:35.649 | tput: No value for $TERM and no -T specified
2024-03-19 23:22:35.657 | tput: No value for $TERM and no -T specified
2024-03-19 23:22:35.658 | +functions-common:run_phase:1861           [[ 80-tempest.sh =~ 80-tempest\.sh ]]
2024-03-19 23:22:35.662 | tput: No value for $TERM and no -T specified
2024-03-19 23:22:35.670 | tput: No value for $TERM and no -T specified
2024-03-19 23:22:35.671 | +functions-common:run_phase:1865           [[ -r /opt/stack/devstack/extras.d/80-tempest.sh ]]
2024-03-19 23:22:35.674 | tput: No value for $TERM and no -T specified
2024-03-19 23:22:35.682 | tput: No value for $TERM and no -T specified
2024-03-19 23:22:35.682 | +functions-common:run_phase:1865           source /opt/stack/devstack/extras.d/80-tempest.sh override_defaults
2024-03-19 23:22:35.687 | tput: No value for $TERM and no -T specified
2024-03-19 23:22:35.695 | tput: No value for $TERM and no -T specified
2024-03-19 23:22:35.696 | ++extras.d/80-tempest.sh:source:3           is_service_enabled tempest
2024-03-19 23:22:35.699 | tput: No value for $TERM and no -T specified
2024-03-19 23:22:35.707 | tput: No value for $TERM and no -T specified
2024-03-19 23:22:35.713 | tput: No value for $TERM and no -T specified
2024-03-19 23:22:35.714 | tput: No value for $TERM and no -T specified
2024-03-19 23:22:35.720 | tput: No value for $TERM and no -T specified
2024-03-19 23:22:35.721 | tput: No value for $TERM and no -T specified
2024-03-19 23:22:35.727 | tput: No value for $TERM and no -T specified
2024-03-19 23:22:35.733 | tput: No value for $TERM and no -T specified
2024-03-19 23:22:35.735 | tput: No value for $TERM and no -T specified
2024-03-19 23:22:35.742 | tput: No value for $TERM and no -T specified
2024-03-19 23:22:35.745 | tput: No value for $TERM and no -T specified
2024-03-19 23:22:35.753 | tput: No value for $TERM and no -T specified
2024-03-19 23:22:35.753 | ++functions-common:is_service_enabled:2077  return 0
2024-03-19 23:22:35.757 | tput: No value for $TERM and no -T specified
2024-03-19 23:22:35.765 | tput: No value for $TERM and no -T specified
2024-03-19 23:22:35.766 | ++extras.d/80-tempest.sh:source:4           [[ override_defaults == \s\o\u\r\c\e ]]
2024-03-19 23:22:35.768 | tput: No value for $TERM and no -T specified
2024-03-19 23:22:35.775 | tput: No value for $TERM and no -T specified
2024-03-19 23:22:35.775 | ++extras.d/80-tempest.sh:source:7           [[ override_defaults == \s\t\a\c\k ]]
2024-03-19 23:22:35.779 | tput: No value for $TERM and no -T specified
2024-03-19 23:22:35.788 | tput: No value for $TERM and no -T specified
2024-03-19 23:22:35.789 | ++extras.d/80-tempest.sh:source:10          [[ override_defaults == \s\t\a\c\k ]]
2024-03-19 23:22:35.793 | tput: No value for $TERM and no -T specified
2024-03-19 23:22:35.800 | tput: No value for $TERM and no -T specified
2024-03-19 23:22:35.801 | ++extras.d/80-tempest.sh:source:13          [[ override_defaults == \s\t\a\c\k ]]
2024-03-19 23:22:35.804 | tput: No value for $TERM and no -T specified
2024-03-19 23:22:35.811 | tput: No value for $TERM and no -T specified
2024-03-19 23:22:35.811 | ++extras.d/80-tempest.sh:source:16          [[ override_defaults == \s\t\a\c\k ]]
2024-03-19 23:22:35.815 | tput: No value for $TERM and no -T specified
2024-03-19 23:22:35.823 | tput: No value for $TERM and no -T specified
2024-03-19 23:22:35.823 | ++extras.d/80-tempest.sh:source:19          [[ override_defaults == \s\t\a\c\k ]]
2024-03-19 23:22:35.827 | tput: No value for $TERM and no -T specified
2024-03-19 23:22:35.835 | tput: No value for $TERM and no -T specified
2024-03-19 23:22:35.835 | ++extras.d/80-tempest.sh:source:27          [[ override_defaults == \u\n\s\t\a\c\k ]]
2024-03-19 23:22:35.838 | tput: No value for $TERM and no -T specified
2024-03-19 23:22:35.846 | tput: No value for $TERM and no -T specified
2024-03-19 23:22:35.847 | ++extras.d/80-tempest.sh:source:32          [[ override_defaults == \c\l\e\a\n ]]
2024-03-19 23:22:35.851 | tput: No value for $TERM and no -T specified
2024-03-19 23:22:35.858 | tput: No value for $TERM and no -T specified
2024-03-19 23:22:35.859 | +functions-common:run_phase:1870           [[ override_defaults == \s\o\u\r\c\e ]]
2024-03-19 23:22:35.863 | tput: No value for $TERM and no -T specified
2024-03-19 23:22:35.871 | tput: No value for $TERM and no -T specified
2024-03-19 23:22:35.871 | +functions-common:run_phase:1873           [[ override_defaults == \o\v\e\r\r\i\d\e\_\d\e\f\a\u\l\t\s ]]
2024-03-19 23:22:35.876 | tput: No value for $TERM and no -T specified
2024-03-19 23:22:35.882 | tput: No value for $TERM and no -T specified
2024-03-19 23:22:35.883 | +functions-common:run_phase:1874           plugin_override_defaults
2024-03-19 23:22:35.886 | tput: No value for $TERM and no -T specified
2024-03-19 23:22:35.894 | tput: No value for $TERM and no -T specified
2024-03-19 23:22:35.894 | +functions-common:plugin_override_defaults:1808  local plugins=
2024-03-19 23:22:35.897 | tput: No value for $TERM and no -T specified
2024-03-19 23:22:35.904 | tput: No value for $TERM and no -T specified
2024-03-19 23:22:35.905 | +functions-common:plugin_override_defaults:1809  local plugin
2024-03-19 23:22:35.909 | tput: No value for $TERM and no -T specified
2024-03-19 23:22:35.917 | tput: No value for $TERM and no -T specified
2024-03-19 23:22:35.918 | +functions-common:plugin_override_defaults:1812  [[ -z '' ]]
2024-03-19 23:22:35.920 | tput: No value for $TERM and no -T specified
2024-03-19 23:22:35.927 | tput: No value for $TERM and no -T specified
2024-03-19 23:22:35.927 | +functions-common:plugin_override_defaults:1813  return
2024-03-19 23:22:35.931 | tput: No value for $TERM and no -T specified
2024-03-19 23:22:35.940 | tput: No value for $TERM and no -T specified
2024-03-19 23:22:35.940 | +./stack.sh:main:626                       source /opt/stack/devstack/lib/apache
2024-03-19 23:22:35.947 | tput: No value for $TERM and no -T specified
2024-03-19 23:22:35.948 | tput: No value for $TERM and no -T specified
2024-03-19 23:22:35.956 | tput: No value for $TERM and no -T specified
2024-03-19 23:22:35.956 | tput: No value for $TERM and no -T specified
2024-03-19 23:22:35.964 | tput: No value for $TERM and no -T specified
2024-03-19 23:22:35.971 | tput: No value for $TERM and no -T specified
2024-03-19 23:22:35.974 | tput: No value for $TERM and no -T specified
2024-03-19 23:22:35.980 | tput: No value for $TERM and no -T specified
2024-03-19 23:22:35.992 | tput: No value for $TERM and no -T specified
2024-03-19 23:22:36.003 | tput: No value for $TERM and no -T specified
2024-03-19 23:22:36.003 | +./stack.sh:main:629                       source /opt/stack/devstack/lib/tls
2024-03-19 23:22:36.008 | tput: No value for $TERM and no -T specified
2024-03-19 23:22:36.017 | tput: No value for $TERM and no -T specified
2024-03-19 23:22:36.018 | ++lib/tls:source:38                         is_service_enabled tls-proxy
2024-03-19 23:22:36.021 | tput: No value for $TERM and no -T specified
2024-03-19 23:22:36.028 | tput: No value for $TERM and no -T specified
2024-03-19 23:22:36.034 | tput: No value for $TERM and no -T specified
2024-03-19 23:22:36.035 | tput: No value for $TERM and no -T specified
2024-03-19 23:22:36.043 | tput: No value for $TERM and no -T specified
2024-03-19 23:22:36.044 | tput: No value for $TERM and no -T specified
2024-03-19 23:22:36.050 | tput: No value for $TERM and no -T specified
2024-03-19 23:22:36.057 | tput: No value for $TERM and no -T specified
2024-03-19 23:22:36.060 | tput: No value for $TERM and no -T specified
2024-03-19 23:22:36.068 | tput: No value for $TERM and no -T specified
2024-03-19 23:22:36.072 | tput: No value for $TERM and no -T specified
2024-03-19 23:22:36.080 | tput: No value for $TERM and no -T specified
2024-03-19 23:22:36.080 | ++functions-common:is_service_enabled:2077  return 1
2024-03-19 23:22:36.085 | tput: No value for $TERM and no -T specified
2024-03-19 23:22:36.094 | tput: No value for $TERM and no -T specified
2024-03-19 23:22:36.095 | +++lib/tls:source:43                         hostname -f
2024-03-19 23:22:36.101 | tput: No value for $TERM and no -T specified
2024-03-19 23:22:36.109 | tput: No value for $TERM and no -T specified
2024-03-19 23:22:36.110 | ++lib/tls:source:43                         DEVSTACK_HOSTNAME=localhost
2024-03-19 23:22:36.113 | tput: No value for $TERM and no -T specified
2024-03-19 23:22:36.121 | tput: No value for $TERM and no -T specified
2024-03-19 23:22:36.122 | ++lib/tls:source:44                         DEVSTACK_CERT_NAME=devstack-cert
2024-03-19 23:22:36.125 | tput: No value for $TERM and no -T specified
2024-03-19 23:22:36.132 | tput: No value for $TERM and no -T specified
2024-03-19 23:22:36.133 | ++lib/tls:source:45                         DEVSTACK_CERT=/opt/stack/data/devstack-cert.pem
2024-03-19 23:22:36.137 | tput: No value for $TERM and no -T specified
2024-03-19 23:22:36.146 | tput: No value for $TERM and no -T specified
2024-03-19 23:22:36.146 | ++lib/tls:source:48                         ROOT_CA_DIR=/opt/stack/data/CA/root-ca
2024-03-19 23:22:36.150 | tput: No value for $TERM and no -T specified
2024-03-19 23:22:36.159 | tput: No value for $TERM and no -T specified
2024-03-19 23:22:36.159 | ++lib/tls:source:49                         INT_CA_DIR=/opt/stack/data/CA/int-ca
2024-03-19 23:22:36.163 | tput: No value for $TERM and no -T specified
2024-03-19 23:22:36.171 | tput: No value for $TERM and no -T specified
2024-03-19 23:22:36.171 | ++lib/tls:source:51                         ORG_NAME=OpenStack
2024-03-19 23:22:36.174 | tput: No value for $TERM and no -T specified
2024-03-19 23:22:36.183 | tput: No value for $TERM and no -T specified
2024-03-19 23:22:36.183 | ++lib/tls:source:52                         ORG_UNIT_NAME=DevStack
2024-03-19 23:22:36.187 | tput: No value for $TERM and no -T specified
2024-03-19 23:22:36.196 | tput: No value for $TERM and no -T specified
2024-03-19 23:22:36.196 | ++lib/tls:source:55                         STUD_PROTO=--tls
2024-03-19 23:22:36.200 | tput: No value for $TERM and no -T specified
2024-03-19 23:22:36.209 | tput: No value for $TERM and no -T specified
2024-03-19 23:22:36.210 | ++lib/tls:source:56                         STUD_CIPHERS='TLSv1+HIGH:!DES:!aNULL:!eNULL:@STRENGTH'
2024-03-19 23:22:36.213 | tput: No value for $TERM and no -T specified
2024-03-19 23:22:36.222 | tput: No value for $TERM and no -T specified
2024-03-19 23:22:36.222 | ++lib/tls:source:63                         OPENSSL=/usr/bin/openssl
2024-03-19 23:22:36.233 | tput: No value for $TERM and no -T specified
2024-03-19 23:22:36.242 | tput: No value for $TERM and no -T specified
2024-03-19 23:22:36.242 | +./stack.sh:main:632                       source /opt/stack/devstack/lib/infra
2024-03-19 23:22:36.248 | tput: No value for $TERM and no -T specified
2024-03-19 23:22:36.249 | tput: No value for $TERM and no -T specified
2024-03-19 23:22:36.254 | tput: No value for $TERM and no -T specified
2024-03-19 23:22:36.258 | tput: No value for $TERM and no -T specified
2024-03-19 23:22:36.264 | tput: No value for $TERM and no -T specified
2024-03-19 23:22:36.272 | tput: No value for $TERM and no -T specified
2024-03-19 23:22:36.276 | tput: No value for $TERM and no -T specified
2024-03-19 23:22:36.284 | tput: No value for $TERM and no -T specified
2024-03-19 23:22:36.287 | tput: No value for $TERM and no -T specified
2024-03-19 23:22:36.295 | tput: No value for $TERM and no -T specified
2024-03-19 23:22:36.296 | +./stack.sh:main:633                       source /opt/stack/devstack/lib/libraries
2024-03-19 23:22:36.300 | tput: No value for $TERM and no -T specified
2024-03-19 23:22:36.301 | tput: No value for $TERM and no -T specified
2024-03-19 23:22:36.306 | tput: No value for $TERM and no -T specified
2024-03-19 23:22:36.308 | tput: No value for $TERM and no -T specified
2024-03-19 23:22:36.313 | tput: No value for $TERM and no -T specified
2024-03-19 23:22:36.319 | tput: No value for $TERM and no -T specified
2024-03-19 23:22:36.321 | tput: No value for $TERM and no -T specified
2024-03-19 23:22:36.326 | tput: No value for $TERM and no -T specified
2024-03-19 23:22:36.335 | tput: No value for $TERM and no -T specified
2024-03-19 23:22:36.339 | tput: No value for $TERM and no -T specified
2024-03-19 23:22:36.339 | +./stack.sh:main:634                       source /opt/stack/devstack/lib/lvm
2024-03-19 23:22:36.343 | tput: No value for $TERM and no -T specified
2024-03-19 23:22:36.344 | tput: No value for $TERM and no -T specified
2024-03-19 23:22:36.347 | tput: No value for $TERM and no -T specified
2024-03-19 23:22:36.349 | tput: No value for $TERM and no -T specified
2024-03-19 23:22:36.352 | tput: No value for $TERM and no -T specified
2024-03-19 23:22:36.357 | tput: No value for $TERM and no -T specified
2024-03-19 23:22:36.359 | tput: No value for $TERM and no -T specified
2024-03-19 23:22:36.363 | tput: No value for $TERM and no -T specified
2024-03-19 23:22:36.366 | tput: No value for $TERM and no -T specified
2024-03-19 23:22:36.371 | tput: No value for $TERM and no -T specified
2024-03-19 23:22:36.371 | +./stack.sh:main:635                       source /opt/stack/devstack/lib/horizon
2024-03-19 23:22:36.374 | tput: No value for $TERM and no -T specified
2024-03-19 23:22:36.374 | tput: No value for $TERM and no -T specified
2024-03-19 23:22:36.378 | tput: No value for $TERM and no -T specified
2024-03-19 23:22:36.378 | tput: No value for $TERM and no -T specified
2024-03-19 23:22:36.381 | tput: No value for $TERM and no -T specified
2024-03-19 23:22:36.385 | tput: No value for $TERM and no -T specified
2024-03-19 23:22:36.387 | tput: No value for $TERM and no -T specified
2024-03-19 23:22:36.391 | tput: No value for $TERM and no -T specified
2024-03-19 23:22:36.394 | tput: No value for $TERM and no -T specified
2024-03-19 23:22:36.397 | tput: No value for $TERM and no -T specified
2024-03-19 23:22:36.397 | +./stack.sh:main:636                       source /opt/stack/devstack/lib/keystone
2024-03-19 23:22:36.400 | tput: No value for $TERM and no -T specified
2024-03-19 23:22:36.401 | tput: No value for $TERM and no -T specified
2024-03-19 23:22:36.404 | tput: No value for $TERM and no -T specified
2024-03-19 23:22:36.405 | tput: No value for $TERM and no -T specified
2024-03-19 23:22:36.410 | tput: No value for $TERM and no -T specified
2024-03-19 23:22:36.414 | tput: No value for $TERM and no -T specified
2024-03-19 23:22:36.416 | tput: No value for $TERM and no -T specified
2024-03-19 23:22:36.419 | tput: No value for $TERM and no -T specified
2024-03-19 23:22:36.448 | tput: No value for $TERM and no -T specified
2024-03-19 23:22:36.452 | tput: No value for $TERM and no -T specified
2024-03-19 23:22:36.453 | +./stack.sh:main:637                       source /opt/stack/devstack/lib/glance
2024-03-19 23:22:36.456 | tput: No value for $TERM and no -T specified
2024-03-19 23:22:36.456 | tput: No value for $TERM and no -T specified
2024-03-19 23:22:36.459 | tput: No value for $TERM and no -T specified
2024-03-19 23:22:36.461 | tput: No value for $TERM and no -T specified
2024-03-19 23:22:36.464 | tput: No value for $TERM and no -T specified
2024-03-19 23:22:36.468 | tput: No value for $TERM and no -T specified
2024-03-19 23:22:36.471 | tput: No value for $TERM and no -T specified
2024-03-19 23:22:36.474 | tput: No value for $TERM and no -T specified
2024-03-19 23:22:36.528 | tput: No value for $TERM and no -T specified
2024-03-19 23:22:36.533 | tput: No value for $TERM and no -T specified
2024-03-19 23:22:36.533 | +./stack.sh:main:638                       source /opt/stack/devstack/lib/nova
2024-03-19 23:22:36.537 | tput: No value for $TERM and no -T specified
2024-03-19 23:22:36.537 | tput: No value for $TERM and no -T specified
2024-03-19 23:22:36.542 | tput: No value for $TERM and no -T specified
2024-03-19 23:22:36.543 | tput: No value for $TERM and no -T specified
2024-03-19 23:22:36.546 | tput: No value for $TERM and no -T specified
2024-03-19 23:22:36.550 | tput: No value for $TERM and no -T specified
2024-03-19 23:22:36.551 | tput: No value for $TERM and no -T specified
2024-03-19 23:22:36.555 | tput: No value for $TERM and no -T specified
2024-03-19 23:22:36.628 | tput: No value for $TERM and no -T specified
2024-03-19 23:22:36.634 | tput: No value for $TERM and no -T specified
2024-03-19 23:22:36.634 | +./stack.sh:main:639                       source /opt/stack/devstack/lib/placement
2024-03-19 23:22:36.638 | tput: No value for $TERM and no -T specified
2024-03-19 23:22:36.638 | tput: No value for $TERM and no -T specified
2024-03-19 23:22:36.643 | tput: No value for $TERM and no -T specified
2024-03-19 23:22:36.644 | tput: No value for $TERM and no -T specified
2024-03-19 23:22:36.649 | tput: No value for $TERM and no -T specified
2024-03-19 23:22:36.654 | tput: No value for $TERM and no -T specified
2024-03-19 23:22:36.656 | tput: No value for $TERM and no -T specified
2024-03-19 23:22:36.661 | tput: No value for $TERM and no -T specified
2024-03-19 23:22:36.680 | tput: No value for $TERM and no -T specified
2024-03-19 23:22:36.686 | tput: No value for $TERM and no -T specified
2024-03-19 23:22:36.687 | +./stack.sh:main:640                       source /opt/stack/devstack/lib/cinder
2024-03-19 23:22:36.690 | tput: No value for $TERM and no -T specified
2024-03-19 23:22:36.691 | tput: No value for $TERM and no -T specified
2024-03-19 23:22:36.695 | tput: No value for $TERM and no -T specified
2024-03-19 23:22:36.696 | tput: No value for $TERM and no -T specified
2024-03-19 23:22:36.701 | tput: No value for $TERM and no -T specified
2024-03-19 23:22:36.705 | tput: No value for $TERM and no -T specified
2024-03-19 23:22:36.707 | tput: No value for $TERM and no -T specified
2024-03-19 23:22:36.711 | tput: No value for $TERM and no -T specified
2024-03-19 23:22:36.750 | tput: No value for $TERM and no -T specified
2024-03-19 23:22:36.755 | tput: No value for $TERM and no -T specified
2024-03-19 23:22:36.756 | +./stack.sh:main:641                       source /opt/stack/devstack/lib/swift
2024-03-19 23:22:36.759 | tput: No value for $TERM and no -T specified
2024-03-19 23:22:36.760 | tput: No value for $TERM and no -T specified
2024-03-19 23:22:36.764 | tput: No value for $TERM and no -T specified
2024-03-19 23:22:36.764 | tput: No value for $TERM and no -T specified
2024-03-19 23:22:36.768 | tput: No value for $TERM and no -T specified
2024-03-19 23:22:36.773 | tput: No value for $TERM and no -T specified
2024-03-19 23:22:36.775 | tput: No value for $TERM and no -T specified
2024-03-19 23:22:36.780 | tput: No value for $TERM and no -T specified
2024-03-19 23:22:36.825 | tput: No value for $TERM and no -T specified
2024-03-19 23:22:36.830 | tput: No value for $TERM and no -T specified
2024-03-19 23:22:36.830 | +./stack.sh:main:642                       source /opt/stack/devstack/lib/neutron
2024-03-19 23:22:36.833 | tput: No value for $TERM and no -T specified
2024-03-19 23:22:36.839 | tput: No value for $TERM and no -T specified
2024-03-19 23:22:36.839 | ++lib/neutron:source:61                     is_service_enabled tls-proxy
2024-03-19 23:22:36.842 | tput: No value for $TERM and no -T specified
2024-03-19 23:22:36.847 | tput: No value for $TERM and no -T specified
2024-03-19 23:22:36.851 | tput: No value for $TERM and no -T specified
2024-03-19 23:22:36.852 | tput: No value for $TERM and no -T specified
2024-03-19 23:22:36.856 | tput: No value for $TERM and no -T specified
2024-03-19 23:22:36.859 | tput: No value for $TERM and no -T specified
2024-03-19 23:22:36.862 | tput: No value for $TERM and no -T specified
2024-03-19 23:22:36.866 | tput: No value for $TERM and no -T specified
2024-03-19 23:22:36.868 | tput: No value for $TERM and no -T specified
2024-03-19 23:22:36.874 | tput: No value for $TERM and no -T specified
2024-03-19 23:22:36.876 | tput: No value for $TERM and no -T specified
2024-03-19 23:22:36.882 | tput: No value for $TERM and no -T specified
2024-03-19 23:22:36.882 | ++functions-common:is_service_enabled:2077  return 1
2024-03-19 23:22:36.885 | tput: No value for $TERM and no -T specified
2024-03-19 23:22:36.891 | tput: No value for $TERM and no -T specified
2024-03-19 23:22:36.891 | ++lib/neutron:source:67                     GITDIR["python-neutronclient"]=/opt/stack/python-neutronclient
2024-03-19 23:22:36.893 | tput: No value for $TERM and no -T specified
2024-03-19 23:22:36.899 | tput: No value for $TERM and no -T specified
2024-03-19 23:22:36.899 | ++lib/neutron:source:70                     NEUTRON_DIR=/opt/stack/neutron
2024-03-19 23:22:36.902 | tput: No value for $TERM and no -T specified
2024-03-19 23:22:36.908 | tput: No value for $TERM and no -T specified
2024-03-19 23:22:36.908 | ++lib/neutron:source:71                     NEUTRON_FWAAS_DIR=/opt/stack/neutron-fwaas
2024-03-19 23:22:36.912 | tput: No value for $TERM and no -T specified
2024-03-19 23:22:36.919 | tput: No value for $TERM and no -T specified
2024-03-19 23:22:36.919 | ++lib/neutron:source:74                     [[ -d /opt/stack/neutron/bin/neutron-server ]]
2024-03-19 23:22:36.923 | tput: No value for $TERM and no -T specified
2024-03-19 23:22:36.930 | tput: No value for $TERM and no -T specified
2024-03-19 23:22:36.930 | +++lib/neutron:source:77                     get_python_exec_prefix
2024-03-19 23:22:36.934 | tput: No value for $TERM and no -T specified
2024-03-19 23:22:36.939 | tput: No value for $TERM and no -T specified
2024-03-19 23:22:36.945 | tput: No value for $TERM and no -T specified
2024-03-19 23:22:36.945 | tput: No value for $TERM and no -T specified
2024-03-19 23:22:36.953 | tput: No value for $TERM and no -T specified
2024-03-19 23:22:36.954 | tput: No value for $TERM and no -T specified
2024-03-19 23:22:36.958 | tput: No value for $TERM and no -T specified
2024-03-19 23:22:36.963 | tput: No value for $TERM and no -T specified
2024-03-19 23:22:36.966 | tput: No value for $TERM and no -T specified
2024-03-19 23:22:36.970 | tput: No value for $TERM and no -T specified
2024-03-19 23:22:36.973 | tput: No value for $TERM and no -T specified
2024-03-19 23:22:36.978 | tput: No value for $TERM and no -T specified
2024-03-19 23:22:36.978 | +++inc/python:get_python_exec_prefix:81      [[ True == \T\r\u\e ]]
2024-03-19 23:22:36.980 | tput: No value for $TERM and no -T specified
2024-03-19 23:22:36.986 | tput: No value for $TERM and no -T specified
2024-03-19 23:22:36.986 | +++inc/python:get_python_exec_prefix:82      echo /opt/stack/data/venv/bin
2024-03-19 23:22:36.990 | tput: No value for $TERM and no -T specified
2024-03-19 23:22:36.996 | tput: No value for $TERM and no -T specified
2024-03-19 23:22:36.996 | ++lib/neutron:source:77                     NEUTRON_BIN_DIR=/opt/stack/data/venv/bin
2024-03-19 23:22:36.999 | tput: No value for $TERM and no -T specified
2024-03-19 23:22:37.006 | tput: No value for $TERM and no -T specified
2024-03-19 23:22:37.006 | ++lib/neutron:source:80                     NEUTRON_CONF_DIR=/etc/neutron
2024-03-19 23:22:37.009 | tput: No value for $TERM and no -T specified
2024-03-19 23:22:37.015 | tput: No value for $TERM and no -T specified
2024-03-19 23:22:37.015 | ++lib/neutron:source:81                     NEUTRON_CONF=/etc/neutron/neutron.conf
2024-03-19 23:22:37.019 | tput: No value for $TERM and no -T specified
2024-03-19 23:22:37.027 | tput: No value for $TERM and no -T specified
2024-03-19 23:22:37.027 | ++lib/neutron:source:82                     export NEUTRON_TEST_CONFIG_FILE=/etc/neutron/debug.ini
2024-03-19 23:22:37.030 | tput: No value for $TERM and no -T specified
2024-03-19 23:22:37.038 | tput: No value for $TERM and no -T specified
2024-03-19 23:22:37.038 | ++lib/neutron:source:82                     NEUTRON_TEST_CONFIG_FILE=/etc/neutron/debug.ini
2024-03-19 23:22:37.044 | tput: No value for $TERM and no -T specified
2024-03-19 23:22:37.053 | tput: No value for $TERM and no -T specified
2024-03-19 23:22:37.053 | +++lib/neutron:source:89                     trueorfalse False NEUTRON_DEPLOY_MOD_WSGI
2024-03-19 23:22:37.056 | tput: No value for $TERM and no -T specified
2024-03-19 23:22:37.064 | tput: No value for $TERM and no -T specified
2024-03-19 23:22:37.070 | tput: No value for $TERM and no -T specified
2024-03-19 23:22:37.070 | tput: No value for $TERM and no -T specified
2024-03-19 23:22:37.077 | tput: No value for $TERM and no -T specified
2024-03-19 23:22:37.077 | tput: No value for $TERM and no -T specified
2024-03-19 23:22:37.083 | tput: No value for $TERM and no -T specified
2024-03-19 23:22:37.089 | tput: No value for $TERM and no -T specified
2024-03-19 23:22:37.091 | tput: No value for $TERM and no -T specified
2024-03-19 23:22:37.097 | tput: No value for $TERM and no -T specified
2024-03-19 23:22:37.100 | tput: No value for $TERM and no -T specified
2024-03-19 23:22:37.106 | tput: No value for $TERM and no -T specified
2024-03-19 23:22:37.107 | ++lib/neutron:source:89                     NEUTRON_DEPLOY_MOD_WSGI=False
2024-03-19 23:22:37.109 | tput: No value for $TERM and no -T specified
2024-03-19 23:22:37.115 | tput: No value for $TERM and no -T specified
2024-03-19 23:22:37.116 | ++lib/neutron:source:91                     NEUTRON_UWSGI_CONF=/etc/neutron/neutron-api-uwsgi.ini
2024-03-19 23:22:37.120 | tput: No value for $TERM and no -T specified
2024-03-19 23:22:37.126 | tput: No value for $TERM and no -T specified
2024-03-19 23:22:37.127 | +++lib/neutron:source:97                     trueorfalse True NEUTRON_ENFORCE_SCOPE
2024-03-19 23:22:37.130 | tput: No value for $TERM and no -T specified
2024-03-19 23:22:37.135 | tput: No value for $TERM and no -T specified
2024-03-19 23:22:37.141 | tput: No value for $TERM and no -T specified
2024-03-19 23:22:37.141 | tput: No value for $TERM and no -T specified
2024-03-19 23:22:37.148 | tput: No value for $TERM and no -T specified
2024-03-19 23:22:37.149 | tput: No value for $TERM and no -T specified
2024-03-19 23:22:37.154 | tput: No value for $TERM and no -T specified
2024-03-19 23:22:37.159 | tput: No value for $TERM and no -T specified
2024-03-19 23:22:37.162 | tput: No value for $TERM and no -T specified
2024-03-19 23:22:37.167 | tput: No value for $TERM and no -T specified
2024-03-19 23:22:37.170 | tput: No value for $TERM and no -T specified
2024-03-19 23:22:37.175 | tput: No value for $TERM and no -T specified
2024-03-19 23:22:37.175 | ++lib/neutron:source:97                     NEUTRON_ENFORCE_SCOPE=True
2024-03-19 23:22:37.178 | tput: No value for $TERM and no -T specified
2024-03-19 23:22:37.183 | tput: No value for $TERM and no -T specified
2024-03-19 23:22:37.183 | ++lib/neutron:source:101                    AGENT_DHCP_BINARY=/opt/stack/data/venv/bin/neutron-dhcp-agent
2024-03-19 23:22:37.186 | tput: No value for $TERM and no -T specified
2024-03-19 23:22:37.191 | tput: No value for $TERM and no -T specified
2024-03-19 23:22:37.191 | ++lib/neutron:source:102                    AGENT_L3_BINARY=/opt/stack/data/venv/bin/neutron-l3-agent
2024-03-19 23:22:37.194 | tput: No value for $TERM and no -T specified
2024-03-19 23:22:37.199 | tput: No value for $TERM and no -T specified
2024-03-19 23:22:37.199 | ++lib/neutron:source:103                    AGENT_META_BINARY=/opt/stack/data/venv/bin/neutron-metadata-agent
2024-03-19 23:22:37.202 | tput: No value for $TERM and no -T specified
2024-03-19 23:22:37.209 | tput: No value for $TERM and no -T specified
2024-03-19 23:22:37.209 | ++lib/neutron:source:107                    Q_DHCP_CONF_FILE=/etc/neutron/dhcp_agent.ini
2024-03-19 23:22:37.213 | tput: No value for $TERM and no -T specified
2024-03-19 23:22:37.220 | tput: No value for $TERM and no -T specified
