2024-03-16 19:37:26.592 | tput: No value for $TERM and no -T specified
2024-03-16 19:37:26.592 | tput: No value for $TERM and no -T specified
2024-03-16 19:37:26.592 | +./stack.sh:main:516                       exec
2024-03-16 19:37:26.592 | tput: No value for $TERM and no -T specified
2024-03-16 19:37:26.592 | tput: No value for $TERM and no -T specified
2024-03-16 19:37:26.592 | tput: No value for $TERM and no -T specified
2024-03-16 19:37:26.592 | ++./stack.sh:main:516                       /opt/stack/devstack/tools/outfilter.py -o /tmp/devstack_logs/devstacklog.txt.2024-03-16-193726.summary.2024-03-16-193726
2024-03-16 19:37:26.592 | tput: No value for $TERM and no -T specified
2024-03-16 19:37:26.592 | +./stack.sh:main:524                       echo_summary 'stack.sh log /tmp/devstack_logs/devstacklog.txt.2024-03-16-193726'
2024-03-16 19:37:26.592 | tput: No value for $TERM and no -T specified
2024-03-16 19:37:26.592 | tput: No value for $TERM and no -T specified
2024-03-16 19:37:26.592 | +./stack.sh:echo_summary:468               [[ -t 3 ]]
2024-03-16 19:37:26.592 | tput: No value for $TERM and no -T specified
2024-03-16 19:37:26.592 | tput: No value for $TERM and no -T specified
2024-03-16 19:37:26.592 | +./stack.sh:echo_summary:474               echo -e stack.sh log /tmp/devstack_logs/devstacklog.txt.2024-03-16-193726
2024-03-16 19:37:26.592 | tput: No value for $TERM and no -T specified
2024-03-16 19:37:26.592 | tput: No value for $TERM and no -T specified
2024-03-16 19:37:26.592 | +./stack.sh:main:526                       ln -sf /tmp/devstack_logs/devstacklog.txt.2024-03-16-193726 /tmp/devstack_logs/devstacklog.txt
2024-03-16 19:37:26.592 | tput: No value for $TERM and no -T specified
2024-03-16 19:37:26.592 | tput: No value for $TERM and no -T specified
2024-03-16 19:37:26.592 | +./stack.sh:main:527                       ln -sf /tmp/devstack_logs/devstacklog.txt.2024-03-16-193726.summary.2024-03-16-193726 /tmp/devstack_logs/devstacklog.txt.summary
2024-03-16 19:37:26.592 | tput: No value for $TERM and no -T specified
2024-03-16 19:37:26.594 | tput: No value for $TERM and no -T specified
2024-03-16 19:37:26.594 | +./stack.sh:main:542                       check_path_perm_sanity /opt/stack
2024-03-16 19:37:26.595 | tput: No value for $TERM and no -T specified
2024-03-16 19:37:26.598 | tput: No value for $TERM and no -T specified
2024-03-16 19:37:26.598 | +functions:check_path_perm_sanity:607      local real_path
2024-03-16 19:37:26.600 | tput: No value for $TERM and no -T specified
2024-03-16 19:37:26.603 | tput: No value for $TERM and no -T specified
2024-03-16 19:37:26.603 | ++functions:check_path_perm_sanity:608      readlink -f /opt/stack
2024-03-16 19:37:26.605 | tput: No value for $TERM and no -T specified
2024-03-16 19:37:26.608 | tput: No value for $TERM and no -T specified
2024-03-16 19:37:26.608 | +functions:check_path_perm_sanity:608      real_path=/opt/stack
2024-03-16 19:37:26.609 | tput: No value for $TERM and no -T specified
2024-03-16 19:37:26.612 | tput: No value for $TERM and no -T specified
2024-03-16 19:37:26.612 | +functions:check_path_perm_sanity:609      local rebuilt_path=
2024-03-16 19:37:26.614 | tput: No value for $TERM and no -T specified
2024-03-16 19:37:26.615 | tput: No value for $TERM and no -T specified
2024-03-16 19:37:26.617 | tput: No value for $TERM and no -T specified
2024-03-16 19:37:26.617 | ++functions:check_path_perm_sanity:610      echo /opt/stack
2024-03-16 19:37:26.620 | tput: No value for $TERM and no -T specified
2024-03-16 19:37:26.620 | ++functions:check_path_perm_sanity:610      tr / ' '
2024-03-16 19:37:26.627 | tput: No value for $TERM and no -T specified
2024-03-16 19:37:26.635 | tput: No value for $TERM and no -T specified
2024-03-16 19:37:26.636 | +functions:check_path_perm_sanity:610      for i in $(echo ${real_path} | tr "/" " ")
2024-03-16 19:37:26.640 | tput: No value for $TERM and no -T specified
2024-03-16 19:37:26.648 | tput: No value for $TERM and no -T specified
2024-03-16 19:37:26.648 | +functions:check_path_perm_sanity:611      rebuilt_path=/opt
2024-03-16 19:37:26.653 | tput: No value for $TERM and no -T specified
2024-03-16 19:37:26.661 | tput: No value for $TERM and no -T specified
2024-03-16 19:37:26.661 | ++functions:check_path_perm_sanity:613      stat -c %a /opt
2024-03-16 19:37:26.667 | tput: No value for $TERM and no -T specified
2024-03-16 19:37:26.675 | tput: No value for $TERM and no -T specified
2024-03-16 19:37:26.676 | +functions:check_path_perm_sanity:613      [[ 755 = 700 ]]
2024-03-16 19:37:26.678 | tput: No value for $TERM and no -T specified
2024-03-16 19:37:26.685 | tput: No value for $TERM and no -T specified
2024-03-16 19:37:26.686 | +functions:check_path_perm_sanity:610      for i in $(echo ${real_path} | tr "/" " ")
2024-03-16 19:37:26.689 | tput: No value for $TERM and no -T specified
2024-03-16 19:37:26.697 | tput: No value for $TERM and no -T specified
2024-03-16 19:37:26.697 | +functions:check_path_perm_sanity:611      rebuilt_path=/opt/stack
2024-03-16 19:37:26.703 | tput: No value for $TERM and no -T specified
2024-03-16 19:37:26.711 | tput: No value for $TERM and no -T specified
2024-03-16 19:37:26.712 | ++functions:check_path_perm_sanity:613      stat -c %a /opt/stack
2024-03-16 19:37:26.717 | tput: No value for $TERM and no -T specified
2024-03-16 19:37:26.726 | tput: No value for $TERM and no -T specified
2024-03-16 19:37:26.727 | +functions:check_path_perm_sanity:613      [[ 777 = 700 ]]
2024-03-16 19:37:26.730 | tput: No value for $TERM and no -T specified
2024-03-16 19:37:26.738 | tput: No value for $TERM and no -T specified
2024-03-16 19:37:26.739 | +./stack.sh:main:548                       trap exit_trap EXIT
2024-03-16 19:37:26.743 | tput: No value for $TERM and no -T specified
2024-03-16 19:37:26.750 | tput: No value for $TERM and no -T specified
2024-03-16 19:37:26.750 | +./stack.sh:main:589                       trap err_trap ERR
2024-03-16 19:37:26.754 | tput: No value for $TERM and no -T specified
2024-03-16 19:37:26.762 | tput: No value for $TERM and no -T specified
2024-03-16 19:37:26.762 | +./stack.sh:main:602                       set -o errexit
2024-03-16 19:37:26.765 | tput: No value for $TERM and no -T specified
2024-03-16 19:37:26.771 | tput: No value for $TERM and no -T specified
2024-03-16 19:37:26.771 | +./stack.sh:main:605                       uname -a
2024-03-16 19:37:26.773 | Linux ubuntu 5.15.0-92-generic #102-Ubuntu SMP Wed Jan 10 09:33:48 UTC 2024 x86_64 x86_64 x86_64 GNU/Linux
2024-03-16 19:37:26.776 | tput: No value for $TERM and no -T specified
2024-03-16 19:37:26.782 | tput: No value for $TERM and no -T specified
2024-03-16 19:37:26.783 | +./stack.sh:main:608                       SSL_BUNDLE_FILE=/opt/stack/data/ca-bundle.pem
2024-03-16 19:37:26.785 | tput: No value for $TERM and no -T specified
2024-03-16 19:37:26.790 | tput: No value for $TERM and no -T specified
2024-03-16 19:37:26.790 | +./stack.sh:main:609                       rm -f /opt/stack/data/ca-bundle.pem
2024-03-16 19:37:26.793 | tput: No value for $TERM and no -T specified
2024-03-16 19:37:26.798 | tput: No value for $TERM and no -T specified
2024-03-16 19:37:26.798 | +./stack.sh:main:612                       source /opt/stack/devstack/lib/database
2024-03-16 19:37:26.801 | tput: No value for $TERM and no -T specified
2024-03-16 19:37:26.804 | tput: No value for $TERM and no -T specified
2024-03-16 19:37:26.806 | tput: No value for $TERM and no -T specified
2024-03-16 19:37:26.809 | tput: No value for $TERM and no -T specified
2024-03-16 19:37:26.813 | tput: No value for $TERM and no -T specified
2024-03-16 19:37:26.817 | tput: No value for $TERM and no -T specified
2024-03-16 19:37:26.819 | tput: No value for $TERM and no -T specified
2024-03-16 19:37:26.822 | tput: No value for $TERM and no -T specified
2024-03-16 19:37:26.874 | tput: No value for $TERM and no -T specified
2024-03-16 19:37:26.883 | tput: No value for $TERM and no -T specified
2024-03-16 19:37:26.883 | +./stack.sh:main:613                       source /opt/stack/devstack/lib/rpc_backend
2024-03-16 19:37:26.890 | tput: No value for $TERM and no -T specified
2024-03-16 19:37:26.890 | tput: No value for $TERM and no -T specified
2024-03-16 19:37:26.896 | tput: No value for $TERM and no -T specified
2024-03-16 19:37:26.898 | tput: No value for $TERM and no -T specified
2024-03-16 19:37:26.904 | tput: No value for $TERM and no -T specified
2024-03-16 19:37:26.913 | tput: No value for $TERM and no -T specified
2024-03-16 19:37:26.917 | tput: No value for $TERM and no -T specified
2024-03-16 19:37:26.925 | tput: No value for $TERM and no -T specified
2024-03-16 19:37:26.940 | tput: No value for $TERM and no -T specified
2024-03-16 19:37:26.949 | tput: No value for $TERM and no -T specified
2024-03-16 19:37:26.950 | +./stack.sh:main:619                       fetch_plugins
2024-03-16 19:37:26.953 | tput: No value for $TERM and no -T specified
2024-03-16 19:37:26.962 | tput: No value for $TERM and no -T specified
2024-03-16 19:37:26.962 | +functions-common:fetch_plugins:1767       local plugins=
2024-03-16 19:37:26.966 | tput: No value for $TERM and no -T specified
2024-03-16 19:37:26.974 | tput: No value for $TERM and no -T specified
2024-03-16 19:37:26.975 | +functions-common:fetch_plugins:1768       local plugin
2024-03-16 19:37:26.979 | tput: No value for $TERM and no -T specified
2024-03-16 19:37:26.987 | tput: No value for $TERM and no -T specified
2024-03-16 19:37:26.988 | +functions-common:fetch_plugins:1771       [[ -z '' ]]
2024-03-16 19:37:26.991 | tput: No value for $TERM and no -T specified
2024-03-16 19:37:26.998 | tput: No value for $TERM and no -T specified
2024-03-16 19:37:26.998 | +functions-common:fetch_plugins:1772       return
2024-03-16 19:37:27.001 | tput: No value for $TERM and no -T specified
2024-03-16 19:37:27.010 | tput: No value for $TERM and no -T specified
2024-03-16 19:37:27.010 | +./stack.sh:main:623                       run_phase override_defaults
2024-03-16 19:37:27.014 | tput: No value for $TERM and no -T specified
2024-03-16 19:37:27.022 | tput: No value for $TERM and no -T specified
2024-03-16 19:37:27.022 | +functions-common:run_phase:1849           local mode=override_defaults
2024-03-16 19:37:27.025 | tput: No value for $TERM and no -T specified
2024-03-16 19:37:27.033 | tput: No value for $TERM and no -T specified
2024-03-16 19:37:27.033 | +functions-common:run_phase:1850           local phase=
2024-03-16 19:37:27.037 | tput: No value for $TERM and no -T specified
2024-03-16 19:37:27.044 | tput: No value for $TERM and no -T specified
2024-03-16 19:37:27.045 | +functions-common:run_phase:1851           [[ -d /opt/stack/devstack/extras.d ]]
2024-03-16 19:37:27.047 | tput: No value for $TERM and no -T specified
2024-03-16 19:37:27.055 | tput: No value for $TERM and no -T specified
2024-03-16 19:37:27.055 | +functions-common:run_phase:1852           local extra_plugin_file_name
2024-03-16 19:37:27.059 | tput: No value for $TERM and no -T specified
2024-03-16 19:37:27.068 | tput: No value for $TERM and no -T specified
2024-03-16 19:37:27.068 | +functions-common:run_phase:1853           for extra_plugin_file_name in $TOP_DIR/extras.d/*.sh
2024-03-16 19:37:27.072 | tput: No value for $TERM and no -T specified
2024-03-16 19:37:27.081 | tput: No value for $TERM and no -T specified
2024-03-16 19:37:27.081 | +functions-common:run_phase:1858           local exceptions=80-tempest.sh
2024-03-16 19:37:27.084 | tput: No value for $TERM and no -T specified
2024-03-16 19:37:27.092 | tput: No value for $TERM and no -T specified
2024-03-16 19:37:27.092 | +functions-common:run_phase:1859           local extra
2024-03-16 19:37:27.097 | tput: No value for $TERM and no -T specified
2024-03-16 19:37:27.104 | tput: No value for $TERM and no -T specified
2024-03-16 19:37:27.104 | ++functions-common:run_phase:1860           basename /opt/stack/devstack/extras.d/80-tempest.sh
2024-03-16 19:37:27.111 | tput: No value for $TERM and no -T specified
2024-03-16 19:37:27.120 | tput: No value for $TERM and no -T specified
2024-03-16 19:37:27.121 | +functions-common:run_phase:1860           extra=80-tempest.sh
2024-03-16 19:37:27.124 | tput: No value for $TERM and no -T specified
2024-03-16 19:37:27.133 | tput: No value for $TERM and no -T specified
2024-03-16 19:37:27.134 | +functions-common:run_phase:1861           [[ 80-tempest.sh =~ 80-tempest\.sh ]]
2024-03-16 19:37:27.138 | tput: No value for $TERM and no -T specified
2024-03-16 19:37:27.146 | tput: No value for $TERM and no -T specified
2024-03-16 19:37:27.146 | +functions-common:run_phase:1865           [[ -r /opt/stack/devstack/extras.d/80-tempest.sh ]]
2024-03-16 19:37:27.151 | tput: No value for $TERM and no -T specified
2024-03-16 19:37:27.159 | tput: No value for $TERM and no -T specified
2024-03-16 19:37:27.159 | +functions-common:run_phase:1865           source /opt/stack/devstack/extras.d/80-tempest.sh override_defaults
2024-03-16 19:37:27.163 | tput: No value for $TERM and no -T specified
2024-03-16 19:37:27.169 | tput: No value for $TERM and no -T specified
2024-03-16 19:37:27.169 | ++extras.d/80-tempest.sh:source:3           is_service_enabled tempest
2024-03-16 19:37:27.173 | tput: No value for $TERM and no -T specified
2024-03-16 19:37:27.181 | tput: No value for $TERM and no -T specified
2024-03-16 19:37:27.187 | tput: No value for $TERM and no -T specified
2024-03-16 19:37:27.188 | tput: No value for $TERM and no -T specified
2024-03-16 19:37:27.194 | tput: No value for $TERM and no -T specified
2024-03-16 19:37:27.195 | tput: No value for $TERM and no -T specified
2024-03-16 19:37:27.199 | tput: No value for $TERM and no -T specified
2024-03-16 19:37:27.206 | tput: No value for $TERM and no -T specified
2024-03-16 19:37:27.209 | tput: No value for $TERM and no -T specified
2024-03-16 19:37:27.215 | tput: No value for $TERM and no -T specified
2024-03-16 19:37:27.219 | tput: No value for $TERM and no -T specified
2024-03-16 19:37:27.227 | tput: No value for $TERM and no -T specified
2024-03-16 19:37:27.228 | ++functions-common:is_service_enabled:2077  return 0
2024-03-16 19:37:27.232 | tput: No value for $TERM and no -T specified
2024-03-16 19:37:27.240 | tput: No value for $TERM and no -T specified
2024-03-16 19:37:27.240 | ++extras.d/80-tempest.sh:source:4           [[ override_defaults == \s\o\u\r\c\e ]]
2024-03-16 19:37:27.244 | tput: No value for $TERM and no -T specified
2024-03-16 19:37:27.250 | tput: No value for $TERM and no -T specified
2024-03-16 19:37:27.250 | ++extras.d/80-tempest.sh:source:7           [[ override_defaults == \s\t\a\c\k ]]
2024-03-16 19:37:27.253 | tput: No value for $TERM and no -T specified
2024-03-16 19:37:27.261 | tput: No value for $TERM and no -T specified
2024-03-16 19:37:27.261 | ++extras.d/80-tempest.sh:source:10          [[ override_defaults == \s\t\a\c\k ]]
2024-03-16 19:37:27.265 | tput: No value for $TERM and no -T specified
2024-03-16 19:37:27.273 | tput: No value for $TERM and no -T specified
2024-03-16 19:37:27.274 | ++extras.d/80-tempest.sh:source:13          [[ override_defaults == \s\t\a\c\k ]]
2024-03-16 19:37:27.278 | tput: No value for $TERM and no -T specified
2024-03-16 19:37:27.286 | tput: No value for $TERM and no -T specified
2024-03-16 19:37:27.287 | ++extras.d/80-tempest.sh:source:16          [[ override_defaults == \s\t\a\c\k ]]
2024-03-16 19:37:27.290 | tput: No value for $TERM and no -T specified
2024-03-16 19:37:27.298 | tput: No value for $TERM and no -T specified
2024-03-16 19:37:27.299 | ++extras.d/80-tempest.sh:source:19          [[ override_defaults == \s\t\a\c\k ]]
2024-03-16 19:37:27.302 | tput: No value for $TERM and no -T specified
2024-03-16 19:37:27.311 | tput: No value for $TERM and no -T specified
2024-03-16 19:37:27.311 | ++extras.d/80-tempest.sh:source:27          [[ override_defaults == \u\n\s\t\a\c\k ]]
2024-03-16 19:37:27.314 | tput: No value for $TERM and no -T specified
2024-03-16 19:37:27.321 | tput: No value for $TERM and no -T specified
2024-03-16 19:37:27.321 | ++extras.d/80-tempest.sh:source:32          [[ override_defaults == \c\l\e\a\n ]]
2024-03-16 19:37:27.325 | tput: No value for $TERM and no -T specified
2024-03-16 19:37:27.334 | tput: No value for $TERM and no -T specified
2024-03-16 19:37:27.335 | +functions-common:run_phase:1870           [[ override_defaults == \s\o\u\r\c\e ]]
2024-03-16 19:37:27.339 | tput: No value for $TERM and no -T specified
2024-03-16 19:37:27.346 | tput: No value for $TERM and no -T specified
2024-03-16 19:37:27.347 | +functions-common:run_phase:1873           [[ override_defaults == \o\v\e\r\r\i\d\e\_\d\e\f\a\u\l\t\s ]]
2024-03-16 19:37:27.350 | tput: No value for $TERM and no -T specified
2024-03-16 19:37:27.359 | tput: No value for $TERM and no -T specified
2024-03-16 19:37:27.359 | +functions-common:run_phase:1874           plugin_override_defaults
2024-03-16 19:37:27.362 | tput: No value for $TERM and no -T specified
2024-03-16 19:37:27.371 | tput: No value for $TERM and no -T specified
2024-03-16 19:37:27.371 | +functions-common:plugin_override_defaults:1808  local plugins=
2024-03-16 19:37:27.374 | tput: No value for $TERM and no -T specified
2024-03-16 19:37:27.382 | tput: No value for $TERM and no -T specified
2024-03-16 19:37:27.382 | +functions-common:plugin_override_defaults:1809  local plugin
2024-03-16 19:37:27.385 | tput: No value for $TERM and no -T specified
2024-03-16 19:37:27.394 | tput: No value for $TERM and no -T specified
2024-03-16 19:37:27.394 | +functions-common:plugin_override_defaults:1812  [[ -z '' ]]
2024-03-16 19:37:27.398 | tput: No value for $TERM and no -T specified
2024-03-16 19:37:27.406 | tput: No value for $TERM and no -T specified
2024-03-16 19:37:27.407 | +functions-common:plugin_override_defaults:1813  return
2024-03-16 19:37:27.410 | tput: No value for $TERM and no -T specified
2024-03-16 19:37:27.418 | tput: No value for $TERM and no -T specified
2024-03-16 19:37:27.419 | +./stack.sh:main:626                       source /opt/stack/devstack/lib/apache
2024-03-16 19:37:27.425 | tput: No value for $TERM and no -T specified
2024-03-16 19:37:27.425 | tput: No value for $TERM and no -T specified
2024-03-16 19:37:27.433 | tput: No value for $TERM and no -T specified
2024-03-16 19:37:27.434 | tput: No value for $TERM and no -T specified
2024-03-16 19:37:27.440 | tput: No value for $TERM and no -T specified
2024-03-16 19:37:27.446 | tput: No value for $TERM and no -T specified
2024-03-16 19:37:27.449 | tput: No value for $TERM and no -T specified
2024-03-16 19:37:27.454 | tput: No value for $TERM and no -T specified
2024-03-16 19:37:27.464 | tput: No value for $TERM and no -T specified
2024-03-16 19:37:27.471 | tput: No value for $TERM and no -T specified
2024-03-16 19:37:27.472 | +./stack.sh:main:629                       source /opt/stack/devstack/lib/tls
2024-03-16 19:37:27.476 | tput: No value for $TERM and no -T specified
2024-03-16 19:37:27.486 | tput: No value for $TERM and no -T specified
2024-03-16 19:37:27.486 | ++lib/tls:source:38                         is_service_enabled tls-proxy
2024-03-16 19:37:27.491 | tput: No value for $TERM and no -T specified
2024-03-16 19:37:27.498 | tput: No value for $TERM and no -T specified
2024-03-16 19:37:27.504 | tput: No value for $TERM and no -T specified
2024-03-16 19:37:27.505 | tput: No value for $TERM and no -T specified
2024-03-16 19:37:27.510 | tput: No value for $TERM and no -T specified
2024-03-16 19:37:27.514 | tput: No value for $TERM and no -T specified
2024-03-16 19:37:27.521 | tput: No value for $TERM and no -T specified
2024-03-16 19:37:27.528 | tput: No value for $TERM and no -T specified
2024-03-16 19:37:27.531 | tput: No value for $TERM and no -T specified
2024-03-16 19:37:27.537 | tput: No value for $TERM and no -T specified
2024-03-16 19:37:27.542 | tput: No value for $TERM and no -T specified
2024-03-16 19:37:27.551 | tput: No value for $TERM and no -T specified
2024-03-16 19:37:27.551 | ++functions-common:is_service_enabled:2077  return 1
2024-03-16 19:37:27.557 | tput: No value for $TERM and no -T specified
2024-03-16 19:37:27.567 | tput: No value for $TERM and no -T specified
2024-03-16 19:37:27.567 | +++lib/tls:source:43                         hostname -f
2024-03-16 19:37:27.575 | tput: No value for $TERM and no -T specified
2024-03-16 19:37:27.583 | tput: No value for $TERM and no -T specified
2024-03-16 19:37:27.583 | ++lib/tls:source:43                         DEVSTACK_HOSTNAME=localhost
2024-03-16 19:37:27.588 | tput: No value for $TERM and no -T specified
2024-03-16 19:37:27.597 | tput: No value for $TERM and no -T specified
2024-03-16 19:37:27.597 | ++lib/tls:source:44                         DEVSTACK_CERT_NAME=devstack-cert
2024-03-16 19:37:27.601 | tput: No value for $TERM and no -T specified
2024-03-16 19:37:27.609 | tput: No value for $TERM and no -T specified
2024-03-16 19:37:27.609 | ++lib/tls:source:45                         DEVSTACK_CERT=/opt/stack/data/devstack-cert.pem
2024-03-16 19:37:27.613 | tput: No value for $TERM and no -T specified
2024-03-16 19:37:27.622 | tput: No value for $TERM and no -T specified
2024-03-16 19:37:27.622 | ++lib/tls:source:48                         ROOT_CA_DIR=/opt/stack/data/CA/root-ca
2024-03-16 19:37:27.626 | tput: No value for $TERM and no -T specified
2024-03-16 19:37:27.635 | tput: No value for $TERM and no -T specified
2024-03-16 19:37:27.636 | ++lib/tls:source:49                         INT_CA_DIR=/opt/stack/data/CA/int-ca
2024-03-16 19:37:27.639 | tput: No value for $TERM and no -T specified
2024-03-16 19:37:27.648 | tput: No value for $TERM and no -T specified
2024-03-16 19:37:27.649 | ++lib/tls:source:51                         ORG_NAME=OpenStack
2024-03-16 19:37:27.653 | tput: No value for $TERM and no -T specified
2024-03-16 19:37:27.661 | tput: No value for $TERM and no -T specified
2024-03-16 19:37:27.662 | ++lib/tls:source:52                         ORG_UNIT_NAME=DevStack
2024-03-16 19:37:27.665 | tput: No value for $TERM and no -T specified
2024-03-16 19:37:27.673 | tput: No value for $TERM and no -T specified
2024-03-16 19:37:27.673 | ++lib/tls:source:55                         STUD_PROTO=--tls
2024-03-16 19:37:27.677 | tput: No value for $TERM and no -T specified
2024-03-16 19:37:27.686 | tput: No value for $TERM and no -T specified
2024-03-16 19:37:27.686 | ++lib/tls:source:56                         STUD_CIPHERS='TLSv1+HIGH:!DES:!aNULL:!eNULL:@STRENGTH'
2024-03-16 19:37:27.690 | tput: No value for $TERM and no -T specified
2024-03-16 19:37:27.697 | tput: No value for $TERM and no -T specified
2024-03-16 19:37:27.698 | ++lib/tls:source:63                         OPENSSL=/usr/bin/openssl
2024-03-16 19:37:27.710 | tput: No value for $TERM and no -T specified
2024-03-16 19:37:27.718 | tput: No value for $TERM and no -T specified
2024-03-16 19:37:27.719 | +./stack.sh:main:632                       source /opt/stack/devstack/lib/infra
2024-03-16 19:37:27.724 | tput: No value for $TERM and no -T specified
2024-03-16 19:37:27.724 | tput: No value for $TERM and no -T specified
2024-03-16 19:37:27.730 | tput: No value for $TERM and no -T specified
2024-03-16 19:37:27.732 | tput: No value for $TERM and no -T specified
2024-03-16 19:37:27.738 | tput: No value for $TERM and no -T specified
2024-03-16 19:37:27.743 | tput: No value for $TERM and no -T specified
2024-03-16 19:37:27.745 | tput: No value for $TERM and no -T specified
2024-03-16 19:37:27.751 | tput: No value for $TERM and no -T specified
2024-03-16 19:37:27.756 | tput: No value for $TERM and no -T specified
2024-03-16 19:37:27.765 | tput: No value for $TERM and no -T specified
2024-03-16 19:37:27.766 | +./stack.sh:main:633                       source /opt/stack/devstack/lib/libraries
2024-03-16 19:37:27.770 | tput: No value for $TERM and no -T specified
2024-03-16 19:37:27.772 | tput: No value for $TERM and no -T specified
2024-03-16 19:37:27.777 | tput: No value for $TERM and no -T specified
2024-03-16 19:37:27.780 | tput: No value for $TERM and no -T specified
2024-03-16 19:37:27.784 | tput: No value for $TERM and no -T specified
2024-03-16 19:37:27.792 | tput: No value for $TERM and no -T specified
2024-03-16 19:37:27.795 | tput: No value for $TERM and no -T specified
2024-03-16 19:37:27.804 | tput: No value for $TERM and no -T specified
2024-03-16 19:37:27.820 | tput: No value for $TERM and no -T specified
2024-03-16 19:37:27.830 | tput: No value for $TERM and no -T specified
2024-03-16 19:37:27.830 | +./stack.sh:main:634                       source /opt/stack/devstack/lib/lvm
2024-03-16 19:37:27.836 | tput: No value for $TERM and no -T specified
2024-03-16 19:37:27.837 | tput: No value for $TERM and no -T specified
2024-03-16 19:37:27.843 | tput: No value for $TERM and no -T specified
2024-03-16 19:37:27.845 | tput: No value for $TERM and no -T specified
2024-03-16 19:37:27.850 | tput: No value for $TERM and no -T specified
2024-03-16 19:37:27.856 | tput: No value for $TERM and no -T specified
2024-03-16 19:37:27.858 | tput: No value for $TERM and no -T specified
2024-03-16 19:37:27.863 | tput: No value for $TERM and no -T specified
2024-03-16 19:37:27.870 | tput: No value for $TERM and no -T specified
2024-03-16 19:37:27.874 | tput: No value for $TERM and no -T specified
2024-03-16 19:37:27.874 | +./stack.sh:main:635                       source /opt/stack/devstack/lib/horizon
2024-03-16 19:37:27.881 | tput: No value for $TERM and no -T specified
2024-03-16 19:37:27.881 | tput: No value for $TERM and no -T specified
2024-03-16 19:37:27.889 | tput: No value for $TERM and no -T specified
2024-03-16 19:37:27.890 | tput: No value for $TERM and no -T specified
2024-03-16 19:37:27.896 | tput: No value for $TERM and no -T specified
2024-03-16 19:37:27.903 | tput: No value for $TERM and no -T specified
2024-03-16 19:37:27.907 | tput: No value for $TERM and no -T specified
2024-03-16 19:37:27.915 | tput: No value for $TERM and no -T specified
2024-03-16 19:37:27.923 | tput: No value for $TERM and no -T specified
2024-03-16 19:37:27.933 | tput: No value for $TERM and no -T specified
2024-03-16 19:37:27.933 | +./stack.sh:main:636                       source /opt/stack/devstack/lib/keystone
2024-03-16 19:37:27.939 | tput: No value for $TERM and no -T specified
2024-03-16 19:37:27.940 | tput: No value for $TERM and no -T specified
2024-03-16 19:37:27.948 | tput: No value for $TERM and no -T specified
2024-03-16 19:37:27.949 | tput: No value for $TERM and no -T specified
2024-03-16 19:37:27.954 | tput: No value for $TERM and no -T specified
2024-03-16 19:37:27.962 | tput: No value for $TERM and no -T specified
2024-03-16 19:37:27.966 | tput: No value for $TERM and no -T specified
2024-03-16 19:37:27.975 | tput: No value for $TERM and no -T specified
2024-03-16 19:37:28.024 | tput: No value for $TERM and no -T specified
2024-03-16 19:37:28.033 | tput: No value for $TERM and no -T specified
2024-03-16 19:37:28.033 | +./stack.sh:main:637                       source /opt/stack/devstack/lib/glance
2024-03-16 19:37:28.040 | tput: No value for $TERM and no -T specified
2024-03-16 19:37:28.040 | tput: No value for $TERM and no -T specified
2024-03-16 19:37:28.049 | tput: No value for $TERM and no -T specified
2024-03-16 19:37:28.049 | tput: No value for $TERM and no -T specified
2024-03-16 19:37:28.054 | tput: No value for $TERM and no -T specified
2024-03-16 19:37:28.060 | tput: No value for $TERM and no -T specified
2024-03-16 19:37:28.062 | tput: No value for $TERM and no -T specified
2024-03-16 19:37:28.068 | tput: No value for $TERM and no -T specified
2024-03-16 19:37:28.160 | tput: No value for $TERM and no -T specified
2024-03-16 19:37:28.168 | tput: No value for $TERM and no -T specified
2024-03-16 19:37:28.168 | +./stack.sh:main:638                       source /opt/stack/devstack/lib/nova
2024-03-16 19:37:28.176 | tput: No value for $TERM and no -T specifiedtput: 
2024-03-16 19:37:28.176 | No value for $TERM and no -T specified
2024-03-16 19:37:28.184 | tput: No value for $TERM and no -T specified
2024-03-16 19:37:28.186 | tput: No value for $TERM and no -T specified
2024-03-16 19:37:28.192 | tput: No value for $TERM and no -T specified
2024-03-16 19:37:28.199 | tput: No value for $TERM and no -T specified
2024-03-16 19:37:28.202 | tput: No value for $TERM and no -T specified
2024-03-16 19:37:28.209 | tput: No value for $TERM and no -T specified
2024-03-16 19:37:28.358 | tput: No value for $TERM and no -T specified
2024-03-16 19:37:28.368 | tput: No value for $TERM and no -T specified
2024-03-16 19:37:28.369 | +./stack.sh:main:639                       source /opt/stack/devstack/lib/placement
2024-03-16 19:37:28.375 | tput: No value for $TERM and no -T specified
2024-03-16 19:37:28.377 | tput: No value for $TERM and no -T specified
2024-03-16 19:37:28.383 | tput: No value for $TERM and no -T specified
2024-03-16 19:37:28.385 | tput: No value for $TERM and no -T specified
2024-03-16 19:37:28.390 | tput: No value for $TERM and no -T specified
2024-03-16 19:37:28.398 | tput: No value for $TERM and no -T specified
2024-03-16 19:37:28.402 | tput: No value for $TERM and no -T specified
2024-03-16 19:37:28.410 | tput: No value for $TERM and no -T specified
2024-03-16 19:37:28.443 | tput: No value for $TERM and no -T specified
2024-03-16 19:37:28.454 | tput: No value for $TERM and no -T specified
2024-03-16 19:37:28.454 | +./stack.sh:main:640                       source /opt/stack/devstack/lib/cinder
2024-03-16 19:37:28.460 | tput: No value for $TERM and no -T specified
2024-03-16 19:37:28.461 | tput: No value for $TERM and no -T specified
2024-03-16 19:37:28.468 | tput: No value for $TERM and no -T specified
2024-03-16 19:37:28.469 | tput: No value for $TERM and no -T specified
2024-03-16 19:37:28.475 | tput: No value for $TERM and no -T specified
2024-03-16 19:37:28.483 | tput: No value for $TERM and no -T specified
2024-03-16 19:37:28.485 | tput: No value for $TERM and no -T specified
2024-03-16 19:37:28.492 | tput: No value for $TERM and no -T specified
2024-03-16 19:37:28.568 | tput: No value for $TERM and no -T specified
2024-03-16 19:37:28.579 | tput: No value for $TERM and no -T specified
2024-03-16 19:37:28.580 | +./stack.sh:main:641                       source /opt/stack/devstack/lib/swift
2024-03-16 19:37:28.587 | tput: No value for $TERM and no -T specified
2024-03-16 19:37:28.588 | tput: No value for $TERM and no -T specified
2024-03-16 19:37:28.596 | tput: No value for $TERM and no -T specified
2024-03-16 19:37:28.597 | tput: No value for $TERM and no -T specified
2024-03-16 19:37:28.604 | tput: No value for $TERM and no -T specified
2024-03-16 19:37:28.612 | tput: No value for $TERM and no -T specified
2024-03-16 19:37:28.617 | tput: No value for $TERM and no -T specified
2024-03-16 19:37:28.625 | tput: No value for $TERM and no -T specified
2024-03-16 19:37:28.719 | tput: No value for $TERM and no -T specified
2024-03-16 19:37:28.730 | tput: No value for $TERM and no -T specified
2024-03-16 19:37:28.731 | +./stack.sh:main:642                       source /opt/stack/devstack/lib/neutron
2024-03-16 19:37:28.737 | tput: No value for $TERM and no -T specified
2024-03-16 19:37:28.747 | tput: No value for $TERM and no -T specified
2024-03-16 19:37:28.747 | ++lib/neutron:source:61                     is_service_enabled tls-proxy
2024-03-16 19:37:28.752 | tput: No value for $TERM and no -T specified
2024-03-16 19:37:28.760 | tput: No value for $TERM and no -T specified
2024-03-16 19:37:28.768 | tput: No value for $TERM and no -T specified
2024-03-16 19:37:28.768 | tput: No value for $TERM and no -T specified
2024-03-16 19:37:28.775 | tput: No value for $TERM and no -T specified
2024-03-16 19:37:28.777 | tput: No value for $TERM and no -T specified
2024-03-16 19:37:28.782 | tput: No value for $TERM and no -T specified
2024-03-16 19:37:28.789 | tput: No value for $TERM and no -T specified
2024-03-16 19:37:28.794 | tput: No value for $TERM and no -T specified
2024-03-16 19:37:28.800 | tput: No value for $TERM and no -T specified
2024-03-16 19:37:28.805 | tput: No value for $TERM and no -T specified
2024-03-16 19:37:28.812 | tput: No value for $TERM and no -T specified
2024-03-16 19:37:28.812 | ++functions-common:is_service_enabled:2077  return 1
2024-03-16 19:37:28.817 | tput: No value for $TERM and no -T specified
2024-03-16 19:37:28.825 | tput: No value for $TERM and no -T specified
2024-03-16 19:37:28.825 | ++lib/neutron:source:67                     GITDIR["python-neutronclient"]=/opt/stack/python-neutronclient
2024-03-16 19:37:28.830 | tput: No value for $TERM and no -T specified
2024-03-16 19:37:28.841 | tput: No value for $TERM and no -T specified
2024-03-16 19:37:28.841 | ++lib/neutron:source:70                     NEUTRON_DIR=/opt/stack/neutron
2024-03-16 19:37:28.844 | tput: No value for $TERM and no -T specified
2024-03-16 19:37:28.853 | tput: No value for $TERM and no -T specified
2024-03-16 19:37:28.854 | ++lib/neutron:source:71                     NEUTRON_FWAAS_DIR=/opt/stack/neutron-fwaas
2024-03-16 19:37:28.858 | tput: No value for $TERM and no -T specified
2024-03-16 19:37:28.867 | tput: No value for $TERM and no -T specified
2024-03-16 19:37:28.868 | ++lib/neutron:source:74                     [[ -d /opt/stack/neutron/bin/neutron-server ]]
2024-03-16 19:37:28.874 | tput: No value for $TERM and no -T specified
2024-03-16 19:37:28.883 | tput: No value for $TERM and no -T specified
2024-03-16 19:37:28.883 | +++lib/neutron:source:77                     get_python_exec_prefix
2024-03-16 19:37:28.888 | tput: No value for $TERM and no -T specified
2024-03-16 19:37:28.898 | tput: No value for $TERM and no -T specified
2024-03-16 19:37:28.905 | tput: No value for $TERM and no -T specified
2024-03-16 19:37:28.906 | tput: No value for $TERM and no -T specified
2024-03-16 19:37:28.913 | tput: No value for $TERM and no -T specified
2024-03-16 19:37:28.917 | tput: No value for $TERM and no -T specified
2024-03-16 19:37:28.921 | tput: No value for $TERM and no -T specified
2024-03-16 19:37:28.927 | tput: No value for $TERM and no -T specified
2024-03-16 19:37:28.931 | tput: No value for $TERM and no -T specified
2024-03-16 19:37:28.941 | tput: No value for $TERM and no -T specified
2024-03-16 19:37:28.946 | tput: No value for $TERM and no -T specified
2024-03-16 19:37:28.955 | tput: No value for $TERM and no -T specified
2024-03-16 19:37:28.956 | +++inc/python:get_python_exec_prefix:81      [[ True == \T\r\u\e ]]
2024-03-16 19:37:28.959 | tput: No value for $TERM and no -T specified
2024-03-16 19:37:28.968 | tput: No value for $TERM and no -T specified
2024-03-16 19:37:28.968 | +++inc/python:get_python_exec_prefix:82      echo /opt/stack/data/venv/bin
2024-03-16 19:37:28.972 | tput: No value for $TERM and no -T specified
2024-03-16 19:37:28.981 | tput: No value for $TERM and no -T specified
2024-03-16 19:37:28.982 | ++lib/neutron:source:77                     NEUTRON_BIN_DIR=/opt/stack/data/venv/bin
2024-03-16 19:37:28.987 | tput: No value for $TERM and no -T specified
2024-03-16 19:37:28.996 | tput: No value for $TERM and no -T specified
2024-03-16 19:37:28.996 | ++lib/neutron:source:80                     NEUTRON_CONF_DIR=/etc/neutron
2024-03-16 19:37:29.001 | tput: No value for $TERM and no -T specified
2024-03-16 19:37:29.011 | tput: No value for $TERM and no -T specified
2024-03-16 19:37:29.012 | ++lib/neutron:source:81                     NEUTRON_CONF=/etc/neutron/neutron.conf
2024-03-16 19:37:29.016 | tput: No value for $TERM and no -T specified
2024-03-16 19:37:29.026 | tput: No value for $TERM and no -T specified
2024-03-16 19:37:29.026 | ++lib/neutron:source:82                     export NEUTRON_TEST_CONFIG_FILE=/etc/neutron/debug.ini
2024-03-16 19:37:29.029 | tput: No value for $TERM and no -T specified
2024-03-16 19:37:29.038 | tput: No value for $TERM and no -T specified
2024-03-16 19:37:29.039 | ++lib/neutron:source:82                     NEUTRON_TEST_CONFIG_FILE=/etc/neutron/debug.ini
2024-03-16 19:37:29.046 | tput: No value for $TERM and no -T specified
2024-03-16 19:37:29.055 | tput: No value for $TERM and no -T specified
2024-03-16 19:37:29.055 | +++lib/neutron:source:89                     trueorfalse False NEUTRON_DEPLOY_MOD_WSGI
2024-03-16 19:37:29.060 | tput: No value for $TERM and no -T specified
2024-03-16 19:37:29.069 | tput: No value for $TERM and no -T specified
2024-03-16 19:37:29.076 | tput: No value for $TERM and no -T specified
2024-03-16 19:37:29.077 | tput: No value for $TERM and no -T specified
2024-03-16 19:37:29.085 | tput: No value for $TERM and no -T specified
2024-03-16 19:37:29.086 | tput: No value for $TERM and no -T specified
2024-03-16 19:37:29.092 | tput: No value for $TERM and no -T specified
2024-03-16 19:37:29.099 | tput: No value for $TERM and no -T specified
2024-03-16 19:37:29.102 | tput: No value for $TERM and no -T specified
2024-03-16 19:37:29.109 | tput: No value for $TERM and no -T specified
2024-03-16 19:37:29.116 | tput: No value for $TERM and no -T specified
2024-03-16 19:37:29.127 | tput: No value for $TERM and no -T specified
2024-03-16 19:37:29.128 | ++lib/neutron:source:89                     NEUTRON_DEPLOY_MOD_WSGI=False
2024-03-16 19:37:29.132 | tput: No value for $TERM and no -T specified
2024-03-16 19:37:29.142 | tput: No value for $TERM and no -T specified
2024-03-16 19:37:29.142 | ++lib/neutron:source:91                     NEUTRON_UWSGI_CONF=/etc/neutron/neutron-api-uwsgi.ini
2024-03-16 19:37:29.149 | tput: No value for $TERM and no -T specified
2024-03-16 19:37:29.158 | tput: No value for $TERM and no -T specified
2024-03-16 19:37:29.158 | +++lib/neutron:source:97                     trueorfalse True NEUTRON_ENFORCE_SCOPE
2024-03-16 19:37:29.162 | tput: No value for $TERM and no -T specified
2024-03-16 19:37:29.171 | tput: No value for $TERM and no -T specified
2024-03-16 19:37:29.178 | tput: No value for $TERM and no -T specified
2024-03-16 19:37:29.179 | tput: No value for $TERM and no -T specified
2024-03-16 19:37:29.187 | tput: No value for $TERM and no -T specified
2024-03-16 19:37:29.189 | tput: No value for $TERM and no -T specified
2024-03-16 19:37:29.196 | tput: No value for $TERM and no -T specified
2024-03-16 19:37:29.203 | tput: No value for $TERM and no -T specified
2024-03-16 19:37:29.207 | tput: No value for $TERM and no -T specified
2024-03-16 19:37:29.214 | tput: No value for $TERM and no -T specified
2024-03-16 19:37:29.218 | tput: No value for $TERM and no -T specified
2024-03-16 19:37:29.226 | tput: No value for $TERM and no -T specified
2024-03-16 19:37:29.226 | ++lib/neutron:source:97                     NEUTRON_ENFORCE_SCOPE=True
2024-03-16 19:37:29.229 | tput: No value for $TERM and no -T specified
2024-03-16 19:37:29.238 | tput: No value for $TERM and no -T specified
2024-03-16 19:37:29.239 | ++lib/neutron:source:101                    AGENT_DHCP_BINARY=/opt/stack/data/venv/bin/neutron-dhcp-agent
2024-03-16 19:37:29.243 | tput: No value for $TERM and no -T specified
2024-03-16 19:37:29.252 | tput: No value for $TERM and no -T specified
2024-03-16 19:37:29.252 | ++lib/neutron:source:102                    AGENT_L3_BINARY=/opt/stack/data/venv/bin/neutron-l3-agent
2024-03-16 19:37:29.257 | tput: No value for $TERM and no -T specified
2024-03-16 19:37:29.268 | tput: No value for $TERM and no -T specified
2024-03-16 19:37:29.269 | ++lib/neutron:source:103                    AGENT_META_BINARY=/opt/stack/data/venv/bin/neutron-metadata-agent
2024-03-16 19:37:29.272 | tput: No value for $TERM and no -T specified
2024-03-16 19:37:29.281 | tput: No value for $TERM and no -T specified
2024-03-16 19:37:29.282 | ++lib/neutron:source:107                    Q_DHCP_CONF_FILE=/etc/neutron/dhcp_agent.ini
2024-03-16 19:37:29.285 | tput: No value for $TERM and no -T specified
2024-03-16 19:37:29.296 | tput: No value for $TERM and no -T specified
