2024-03-20 22:36:20.171 | tput: No value for $TERM and no -T specified
2024-03-20 22:36:20.171 | tput: No value for $TERM and no -T specified
2024-03-20 22:36:20.171 | +./stack.sh:main:516                       exec
2024-03-20 22:36:20.171 | tput: No value for $TERM and no -T specified
2024-03-20 22:36:20.171 | tput: No value for $TERM and no -T specified
2024-03-20 22:36:20.171 | tput: No value for $TERM and no -T specified
2024-03-20 22:36:20.171 | tput: No value for $TERM and no -T specified++./stack.sh:main:516                       /opt/stack/devstack/tools/outfilter.py -o /tmp/devstack_logs/devstacklog.txt.2024-03-20-223620.summary.2024-03-20-223620
2024-03-20 22:36:20.171 | 
2024-03-20 22:36:20.171 | +./stack.sh:main:524                       echo_summary 'stack.sh log /tmp/devstack_logs/devstacklog.txt.2024-03-20-223620'
2024-03-20 22:36:20.171 | tput: No value for $TERM and no -T specified
2024-03-20 22:36:20.171 | tput: No value for $TERM and no -T specified
2024-03-20 22:36:20.171 | +./stack.sh:echo_summary:468               [[ -t 3 ]]
2024-03-20 22:36:20.171 | tput: No value for $TERM and no -T specified
2024-03-20 22:36:20.171 | tput: No value for $TERM and no -T specified
2024-03-20 22:36:20.171 | +./stack.sh:echo_summary:474               echo -e stack.sh log /tmp/devstack_logs/devstacklog.txt.2024-03-20-223620
2024-03-20 22:36:20.171 | tput: No value for $TERM and no -T specified
2024-03-20 22:36:20.171 | tput: No value for $TERM and no -T specified
2024-03-20 22:36:20.171 | +./stack.sh:main:526                       ln -sf /tmp/devstack_logs/devstacklog.txt.2024-03-20-223620 /tmp/devstack_logs/devstacklog.txt
2024-03-20 22:36:20.171 | tput: No value for $TERM and no -T specified
2024-03-20 22:36:20.171 | tput: No value for $TERM and no -T specified
2024-03-20 22:36:20.171 | +./stack.sh:main:527                       ln -sf /tmp/devstack_logs/devstacklog.txt.2024-03-20-223620.summary.2024-03-20-223620 /tmp/devstack_logs/devstacklog.txt.summary
2024-03-20 22:36:20.171 | tput: No value for $TERM and no -T specified
2024-03-20 22:36:20.171 | tput: No value for $TERM and no -T specified
2024-03-20 22:36:20.171 | +./stack.sh:main:542                       check_path_perm_sanity /opt/stack
2024-03-20 22:36:20.171 | tput: No value for $TERM and no -T specified
2024-03-20 22:36:20.173 | tput: No value for $TERM and no -T specified
2024-03-20 22:36:20.173 | +functions:check_path_perm_sanity:607      local real_path
2024-03-20 22:36:20.175 | tput: No value for $TERM and no -T specified
2024-03-20 22:36:20.179 | tput: No value for $TERM and no -T specified
2024-03-20 22:36:20.179 | ++functions:check_path_perm_sanity:608      readlink -f /opt/stack
2024-03-20 22:36:20.180 | tput: No value for $TERM and no -T specified
2024-03-20 22:36:20.183 | tput: No value for $TERM and no -T specified
2024-03-20 22:36:20.183 | +functions:check_path_perm_sanity:608      real_path=/opt/stack
2024-03-20 22:36:20.184 | tput: No value for $TERM and no -T specified
2024-03-20 22:36:20.186 | tput: No value for $TERM and no -T specified
2024-03-20 22:36:20.186 | +functions:check_path_perm_sanity:609      local rebuilt_path=
2024-03-20 22:36:20.188 | tput: No value for $TERM and no -T specified
2024-03-20 22:36:20.189 | tput: No value for $TERM and no -T specified
2024-03-20 22:36:20.191 | tput: No value for $TERM and no -T specified
2024-03-20 22:36:20.191 | ++functions:check_path_perm_sanity:610      echo /opt/stack
2024-03-20 22:36:20.192 | tput: No value for $TERM and no -T specified
2024-03-20 22:36:20.192 | ++functions:check_path_perm_sanity:610      tr / ' '
2024-03-20 22:36:20.194 | tput: No value for $TERM and no -T specified
2024-03-20 22:36:20.197 | tput: No value for $TERM and no -T specified
2024-03-20 22:36:20.197 | +functions:check_path_perm_sanity:610      for i in $(echo ${real_path} | tr "/" " ")
2024-03-20 22:36:20.198 | tput: No value for $TERM and no -T specified
2024-03-20 22:36:20.200 | tput: No value for $TERM and no -T specified
2024-03-20 22:36:20.200 | +functions:check_path_perm_sanity:611      rebuilt_path=/opt
2024-03-20 22:36:20.202 | tput: No value for $TERM and no -T specified
2024-03-20 22:36:20.204 | tput: No value for $TERM and no -T specified
2024-03-20 22:36:20.205 | ++functions:check_path_perm_sanity:613      stat -c %a /opt
2024-03-20 22:36:20.207 | tput: No value for $TERM and no -T specified
2024-03-20 22:36:20.210 | tput: No value for $TERM and no -T specified
2024-03-20 22:36:20.210 | +functions:check_path_perm_sanity:613      [[ 755 = 700 ]]
2024-03-20 22:36:20.211 | tput: No value for $TERM and no -T specified
2024-03-20 22:36:20.214 | tput: No value for $TERM and no -T specified
2024-03-20 22:36:20.214 | +functions:check_path_perm_sanity:610      for i in $(echo ${real_path} | tr "/" " ")
2024-03-20 22:36:20.215 | tput: No value for $TERM and no -T specified
2024-03-20 22:36:20.218 | tput: No value for $TERM and no -T specified
2024-03-20 22:36:20.218 | +functions:check_path_perm_sanity:611      rebuilt_path=/opt/stack
2024-03-20 22:36:20.220 | tput: No value for $TERM and no -T specified
2024-03-20 22:36:20.222 | tput: No value for $TERM and no -T specified
2024-03-20 22:36:20.222 | ++functions:check_path_perm_sanity:613      stat -c %a /opt/stack
2024-03-20 22:36:20.224 | tput: No value for $TERM and no -T specified
2024-03-20 22:36:20.227 | tput: No value for $TERM and no -T specified
2024-03-20 22:36:20.228 | +functions:check_path_perm_sanity:613      [[ 777 = 700 ]]
2024-03-20 22:36:20.229 | tput: No value for $TERM and no -T specified
2024-03-20 22:36:20.231 | tput: No value for $TERM and no -T specified
2024-03-20 22:36:20.231 | +./stack.sh:main:548                       trap exit_trap EXIT
2024-03-20 22:36:20.233 | tput: No value for $TERM and no -T specified
2024-03-20 22:36:20.237 | tput: No value for $TERM and no -T specified
2024-03-20 22:36:20.237 | +./stack.sh:main:589                       trap err_trap ERR
2024-03-20 22:36:20.238 | tput: No value for $TERM and no -T specified
2024-03-20 22:36:20.241 | tput: No value for $TERM and no -T specified
2024-03-20 22:36:20.241 | +./stack.sh:main:602                       set -o errexit
2024-03-20 22:36:20.244 | tput: No value for $TERM and no -T specified
2024-03-20 22:36:20.246 | tput: No value for $TERM and no -T specified
2024-03-20 22:36:20.246 | +./stack.sh:main:605                       uname -a
2024-03-20 22:36:20.247 | Linux ubuntu 5.15.0-92-generic #102-Ubuntu SMP Wed Jan 10 09:33:48 UTC 2024 x86_64 x86_64 x86_64 GNU/Linux
2024-03-20 22:36:20.248 | tput: No value for $TERM and no -T specified
2024-03-20 22:36:20.252 | tput: No value for $TERM and no -T specified
2024-03-20 22:36:20.252 | +./stack.sh:main:608                       SSL_BUNDLE_FILE=/opt/stack/data/ca-bundle.pem
2024-03-20 22:36:20.253 | tput: No value for $TERM and no -T specified
2024-03-20 22:36:20.256 | tput: No value for $TERM and no -T specified
2024-03-20 22:36:20.256 | +./stack.sh:main:609                       rm -f /opt/stack/data/ca-bundle.pem
2024-03-20 22:36:20.259 | tput: No value for $TERM and no -T specified
2024-03-20 22:36:20.262 | tput: No value for $TERM and no -T specified
2024-03-20 22:36:20.262 | +./stack.sh:main:612                       source /opt/stack/devstack/lib/database
2024-03-20 22:36:20.264 | tput: No value for $TERM and no -T specified
2024-03-20 22:36:20.266 | tput: No value for $TERM and no -T specified
2024-03-20 22:36:20.268 | tput: No value for $TERM and no -T specified
2024-03-20 22:36:20.272 | tput: No value for $TERM and no -T specified
2024-03-20 22:36:20.275 | tput: No value for $TERM and no -T specified
2024-03-20 22:36:20.279 | tput: No value for $TERM and no -T specified
2024-03-20 22:36:20.282 | tput: No value for $TERM and no -T specified
2024-03-20 22:36:20.286 | tput: No value for $TERM and no -T specified
2024-03-20 22:36:20.324 | tput: No value for $TERM and no -T specified
2024-03-20 22:36:20.330 | tput: No value for $TERM and no -T specified
2024-03-20 22:36:20.331 | +./stack.sh:main:613                       source /opt/stack/devstack/lib/rpc_backend
2024-03-20 22:36:20.334 | tput: No value for $TERM and no -T specified
2024-03-20 22:36:20.336 | tput: No value for $TERM and no -T specified
2024-03-20 22:36:20.340 | tput: No value for $TERM and no -T specified
2024-03-20 22:36:20.341 | tput: No value for $TERM and no -T specified
2024-03-20 22:36:20.344 | tput: No value for $TERM and no -T specified
2024-03-20 22:36:20.349 | tput: No value for $TERM and no -T specified
2024-03-20 22:36:20.351 | tput: No value for $TERM and no -T specified
2024-03-20 22:36:20.356 | tput: No value for $TERM and no -T specified
2024-03-20 22:36:20.364 | tput: No value for $TERM and no -T specified
2024-03-20 22:36:20.368 | tput: No value for $TERM and no -T specified
2024-03-20 22:36:20.368 | +./stack.sh:main:619                       fetch_plugins
2024-03-20 22:36:20.370 | tput: No value for $TERM and no -T specified
2024-03-20 22:36:20.375 | tput: No value for $TERM and no -T specified
2024-03-20 22:36:20.375 | +functions-common:fetch_plugins:1767       local plugins=
2024-03-20 22:36:20.378 | tput: No value for $TERM and no -T specified
2024-03-20 22:36:20.382 | tput: No value for $TERM and no -T specified
2024-03-20 22:36:20.382 | +functions-common:fetch_plugins:1768       local plugin
2024-03-20 22:36:20.384 | tput: No value for $TERM and no -T specified
2024-03-20 22:36:20.390 | tput: No value for $TERM and no -T specified
2024-03-20 22:36:20.390 | +functions-common:fetch_plugins:1771       [[ -z '' ]]
2024-03-20 22:36:20.392 | tput: No value for $TERM and no -T specified
2024-03-20 22:36:20.397 | tput: No value for $TERM and no -T specified
2024-03-20 22:36:20.398 | +functions-common:fetch_plugins:1772       return
2024-03-20 22:36:20.401 | tput: No value for $TERM and no -T specified
2024-03-20 22:36:20.406 | tput: No value for $TERM and no -T specified
2024-03-20 22:36:20.407 | +./stack.sh:main:623                       run_phase override_defaults
2024-03-20 22:36:20.410 | tput: No value for $TERM and no -T specified
2024-03-20 22:36:20.416 | tput: No value for $TERM and no -T specified
2024-03-20 22:36:20.417 | +functions-common:run_phase:1849           local mode=override_defaults
2024-03-20 22:36:20.419 | tput: No value for $TERM and no -T specified
2024-03-20 22:36:20.425 | tput: No value for $TERM and no -T specified
2024-03-20 22:36:20.426 | +functions-common:run_phase:1850           local phase=
2024-03-20 22:36:20.428 | tput: No value for $TERM and no -T specified
2024-03-20 22:36:20.434 | tput: No value for $TERM and no -T specified
2024-03-20 22:36:20.434 | +functions-common:run_phase:1851           [[ -d /opt/stack/devstack/extras.d ]]
2024-03-20 22:36:20.437 | tput: No value for $TERM and no -T specified
2024-03-20 22:36:20.444 | tput: No value for $TERM and no -T specified
2024-03-20 22:36:20.444 | +functions-common:run_phase:1852           local extra_plugin_file_name
2024-03-20 22:36:20.446 | tput: No value for $TERM and no -T specified
2024-03-20 22:36:20.453 | tput: No value for $TERM and no -T specified
2024-03-20 22:36:20.453 | +functions-common:run_phase:1853           for extra_plugin_file_name in $TOP_DIR/extras.d/*.sh
2024-03-20 22:36:20.456 | tput: No value for $TERM and no -T specified
2024-03-20 22:36:20.462 | tput: No value for $TERM and no -T specified
2024-03-20 22:36:20.462 | +functions-common:run_phase:1858           local exceptions=80-tempest.sh
2024-03-20 22:36:20.466 | tput: No value for $TERM and no -T specified
2024-03-20 22:36:20.472 | tput: No value for $TERM and no -T specified
2024-03-20 22:36:20.472 | +functions-common:run_phase:1859           local extra
2024-03-20 22:36:20.477 | tput: No value for $TERM and no -T specified
2024-03-20 22:36:20.483 | tput: No value for $TERM and no -T specified
2024-03-20 22:36:20.484 | ++functions-common:run_phase:1860           basename /opt/stack/devstack/extras.d/80-tempest.sh
2024-03-20 22:36:20.488 | tput: No value for $TERM and no -T specified
2024-03-20 22:36:20.495 | tput: No value for $TERM and no -T specified
2024-03-20 22:36:20.495 | +functions-common:run_phase:1860           extra=80-tempest.sh
2024-03-20 22:36:20.498 | tput: No value for $TERM and no -T specified
2024-03-20 22:36:20.505 | tput: No value for $TERM and no -T specified
2024-03-20 22:36:20.505 | +functions-common:run_phase:1861           [[ 80-tempest.sh =~ 80-tempest\.sh ]]
2024-03-20 22:36:20.508 | tput: No value for $TERM and no -T specified
2024-03-20 22:36:20.515 | tput: No value for $TERM and no -T specified
2024-03-20 22:36:20.516 | +functions-common:run_phase:1865           [[ -r /opt/stack/devstack/extras.d/80-tempest.sh ]]
2024-03-20 22:36:20.518 | tput: No value for $TERM and no -T specified
2024-03-20 22:36:20.525 | tput: No value for $TERM and no -T specified
2024-03-20 22:36:20.526 | +functions-common:run_phase:1865           source /opt/stack/devstack/extras.d/80-tempest.sh override_defaults
2024-03-20 22:36:20.529 | tput: No value for $TERM and no -T specified
2024-03-20 22:36:20.536 | tput: No value for $TERM and no -T specified
2024-03-20 22:36:20.536 | ++extras.d/80-tempest.sh:source:3           is_service_enabled tempest
2024-03-20 22:36:20.539 | tput: No value for $TERM and no -T specified
2024-03-20 22:36:20.546 | tput: No value for $TERM and no -T specified
2024-03-20 22:36:20.551 | tput: No value for $TERM and no -T specified
2024-03-20 22:36:20.551 | tput: No value for $TERM and no -T specified
2024-03-20 22:36:20.556 | tput: No value for $TERM and no -T specified
2024-03-20 22:36:20.557 | tput: No value for $TERM and no -T specified
2024-03-20 22:36:20.562 | tput: No value for $TERM and no -T specified
2024-03-20 22:36:20.567 | tput: No value for $TERM and no -T specified
2024-03-20 22:36:20.570 | tput: No value for $TERM and no -T specified
2024-03-20 22:36:20.575 | tput: No value for $TERM and no -T specified
2024-03-20 22:36:20.578 | tput: No value for $TERM and no -T specified
2024-03-20 22:36:20.583 | tput: No value for $TERM and no -T specified
2024-03-20 22:36:20.583 | ++functions-common:is_service_enabled:2077  return 0
2024-03-20 22:36:20.585 | tput: No value for $TERM and no -T specified
2024-03-20 22:36:20.590 | tput: No value for $TERM and no -T specified
2024-03-20 22:36:20.591 | ++extras.d/80-tempest.sh:source:4           [[ override_defaults == \s\o\u\r\c\e ]]
2024-03-20 22:36:20.593 | tput: No value for $TERM and no -T specified
2024-03-20 22:36:20.599 | tput: No value for $TERM and no -T specified
2024-03-20 22:36:20.599 | ++extras.d/80-tempest.sh:source:7           [[ override_defaults == \s\t\a\c\k ]]
2024-03-20 22:36:20.601 | tput: No value for $TERM and no -T specified
2024-03-20 22:36:20.608 | tput: No value for $TERM and no -T specified
2024-03-20 22:36:20.608 | ++extras.d/80-tempest.sh:source:10          [[ override_defaults == \s\t\a\c\k ]]
2024-03-20 22:36:20.611 | tput: No value for $TERM and no -T specified
2024-03-20 22:36:20.618 | tput: No value for $TERM and no -T specified
2024-03-20 22:36:20.618 | ++extras.d/80-tempest.sh:source:13          [[ override_defaults == \s\t\a\c\k ]]
2024-03-20 22:36:20.621 | tput: No value for $TERM and no -T specified
2024-03-20 22:36:20.627 | tput: No value for $TERM and no -T specified
2024-03-20 22:36:20.627 | ++extras.d/80-tempest.sh:source:16          [[ override_defaults == \s\t\a\c\k ]]
2024-03-20 22:36:20.631 | tput: No value for $TERM and no -T specified
2024-03-20 22:36:20.638 | tput: No value for $TERM and no -T specified
2024-03-20 22:36:20.638 | ++extras.d/80-tempest.sh:source:19          [[ override_defaults == \s\t\a\c\k ]]
2024-03-20 22:36:20.641 | tput: No value for $TERM and no -T specified
2024-03-20 22:36:20.648 | tput: No value for $TERM and no -T specified
2024-03-20 22:36:20.648 | ++extras.d/80-tempest.sh:source:27          [[ override_defaults == \u\n\s\t\a\c\k ]]
2024-03-20 22:36:20.652 | tput: No value for $TERM and no -T specified
2024-03-20 22:36:20.659 | tput: No value for $TERM and no -T specified
2024-03-20 22:36:20.659 | ++extras.d/80-tempest.sh:source:32          [[ override_defaults == \c\l\e\a\n ]]
2024-03-20 22:36:20.663 | tput: No value for $TERM and no -T specified
2024-03-20 22:36:20.671 | tput: No value for $TERM and no -T specified
2024-03-20 22:36:20.671 | +functions-common:run_phase:1870           [[ override_defaults == \s\o\u\r\c\e ]]
2024-03-20 22:36:20.675 | tput: No value for $TERM and no -T specified
2024-03-20 22:36:20.681 | tput: No value for $TERM and no -T specified
2024-03-20 22:36:20.681 | +functions-common:run_phase:1873           [[ override_defaults == \o\v\e\r\r\i\d\e\_\d\e\f\a\u\l\t\s ]]
2024-03-20 22:36:20.685 | tput: No value for $TERM and no -T specified
2024-03-20 22:36:20.693 | tput: No value for $TERM and no -T specified
2024-03-20 22:36:20.693 | +functions-common:run_phase:1874           plugin_override_defaults
2024-03-20 22:36:20.696 | tput: No value for $TERM and no -T specified
2024-03-20 22:36:20.704 | tput: No value for $TERM and no -T specified
2024-03-20 22:36:20.704 | +functions-common:plugin_override_defaults:1808  local plugins=
2024-03-20 22:36:20.707 | tput: No value for $TERM and no -T specified
2024-03-20 22:36:20.714 | tput: No value for $TERM and no -T specified
2024-03-20 22:36:20.714 | +functions-common:plugin_override_defaults:1809  local plugin
2024-03-20 22:36:20.718 | tput: No value for $TERM and no -T specified
2024-03-20 22:36:20.725 | tput: No value for $TERM and no -T specified
2024-03-20 22:36:20.725 | +functions-common:plugin_override_defaults:1812  [[ -z '' ]]
2024-03-20 22:36:20.728 | tput: No value for $TERM and no -T specified
2024-03-20 22:36:20.735 | tput: No value for $TERM and no -T specified
2024-03-20 22:36:20.735 | +functions-common:plugin_override_defaults:1813  return
2024-03-20 22:36:20.740 | tput: No value for $TERM and no -T specified
2024-03-20 22:36:20.746 | tput: No value for $TERM and no -T specified
2024-03-20 22:36:20.746 | +./stack.sh:main:626                       source /opt/stack/devstack/lib/apache
2024-03-20 22:36:20.752 | tput: No value for $TERM and no -T specified
2024-03-20 22:36:20.753 | tput: No value for $TERM and no -T specified
2024-03-20 22:36:20.758 | tput: No value for $TERM and no -T specified
2024-03-20 22:36:20.759 | tput: No value for $TERM and no -T specified
2024-03-20 22:36:20.764 | tput: No value for $TERM and no -T specified
2024-03-20 22:36:20.768 | tput: No value for $TERM and no -T specified
2024-03-20 22:36:20.770 | tput: No value for $TERM and no -T specified
2024-03-20 22:36:20.776 | tput: No value for $TERM and no -T specified
2024-03-20 22:36:20.784 | tput: No value for $TERM and no -T specified
2024-03-20 22:36:20.790 | tput: No value for $TERM and no -T specified
2024-03-20 22:36:20.790 | +./stack.sh:main:629                       source /opt/stack/devstack/lib/tls
2024-03-20 22:36:20.793 | tput: No value for $TERM and no -T specified
2024-03-20 22:36:20.798 | tput: No value for $TERM and no -T specified
2024-03-20 22:36:20.799 | ++lib/tls:source:38                         is_service_enabled tls-proxy
2024-03-20 22:36:20.801 | tput: No value for $TERM and no -T specified
2024-03-20 22:36:20.806 | tput: No value for $TERM and no -T specified
2024-03-20 22:36:20.810 | tput: No value for $TERM and no -T specified
2024-03-20 22:36:20.811 | tput: No value for $TERM and no -T specified
2024-03-20 22:36:20.816 | tput: No value for $TERM and no -T specified
2024-03-20 22:36:20.817 | tput: No value for $TERM and no -T specified
2024-03-20 22:36:20.820 | tput: No value for $TERM and no -T specified
2024-03-20 22:36:20.824 | tput: No value for $TERM and no -T specified
2024-03-20 22:36:20.827 | tput: No value for $TERM and no -T specified
2024-03-20 22:36:20.831 | tput: No value for $TERM and no -T specified
2024-03-20 22:36:20.834 | tput: No value for $TERM and no -T specified
2024-03-20 22:36:20.840 | tput: No value for $TERM and no -T specified
2024-03-20 22:36:20.840 | ++functions-common:is_service_enabled:2077  return 1
2024-03-20 22:36:20.843 | tput: No value for $TERM and no -T specified
2024-03-20 22:36:20.848 | tput: No value for $TERM and no -T specified
2024-03-20 22:36:20.848 | +++lib/tls:source:43                         hostname -f
2024-03-20 22:36:20.852 | tput: No value for $TERM and no -T specified
2024-03-20 22:36:20.857 | tput: No value for $TERM and no -T specified
2024-03-20 22:36:20.857 | ++lib/tls:source:43                         DEVSTACK_HOSTNAME=localhost
2024-03-20 22:36:20.861 | tput: No value for $TERM and no -T specified
2024-03-20 22:36:20.866 | tput: No value for $TERM and no -T specified
2024-03-20 22:36:20.866 | ++lib/tls:source:44                         DEVSTACK_CERT_NAME=devstack-cert
2024-03-20 22:36:20.869 | tput: No value for $TERM and no -T specified
2024-03-20 22:36:20.875 | tput: No value for $TERM and no -T specified
2024-03-20 22:36:20.875 | ++lib/tls:source:45                         DEVSTACK_CERT=/opt/stack/data/devstack-cert.pem
2024-03-20 22:36:20.879 | tput: No value for $TERM and no -T specified
2024-03-20 22:36:20.886 | tput: No value for $TERM and no -T specified
2024-03-20 22:36:20.886 | ++lib/tls:source:48                         ROOT_CA_DIR=/opt/stack/data/CA/root-ca
2024-03-20 22:36:20.889 | tput: No value for $TERM and no -T specified
2024-03-20 22:36:20.896 | tput: No value for $TERM and no -T specified
2024-03-20 22:36:20.896 | ++lib/tls:source:49                         INT_CA_DIR=/opt/stack/data/CA/int-ca
2024-03-20 22:36:20.900 | tput: No value for $TERM and no -T specified
2024-03-20 22:36:20.906 | tput: No value for $TERM and no -T specified
2024-03-20 22:36:20.906 | ++lib/tls:source:51                         ORG_NAME=OpenStack
2024-03-20 22:36:20.910 | tput: No value for $TERM and no -T specified
2024-03-20 22:36:20.917 | tput: No value for $TERM and no -T specified
2024-03-20 22:36:20.917 | ++lib/tls:source:52                         ORG_UNIT_NAME=DevStack
2024-03-20 22:36:20.919 | tput: No value for $TERM and no -T specified
2024-03-20 22:36:20.926 | tput: No value for $TERM and no -T specified
2024-03-20 22:36:20.926 | ++lib/tls:source:55                         STUD_PROTO=--tls
2024-03-20 22:36:20.929 | tput: No value for $TERM and no -T specified
2024-03-20 22:36:20.936 | tput: No value for $TERM and no -T specified
2024-03-20 22:36:20.936 | ++lib/tls:source:56                         STUD_CIPHERS='TLSv1+HIGH:!DES:!aNULL:!eNULL:@STRENGTH'
2024-03-20 22:36:20.939 | tput: No value for $TERM and no -T specified
2024-03-20 22:36:20.945 | tput: No value for $TERM and no -T specified
2024-03-20 22:36:20.945 | ++lib/tls:source:63                         OPENSSL=/usr/bin/openssl
2024-03-20 22:36:20.955 | tput: No value for $TERM and no -T specified
2024-03-20 22:36:20.962 | tput: No value for $TERM and no -T specified
2024-03-20 22:36:20.963 | +./stack.sh:main:632                       source /opt/stack/devstack/lib/infra
2024-03-20 22:36:20.967 | tput: No value for $TERM and no -T specified
2024-03-20 22:36:20.969 | tput: No value for $TERM and no -T specified
2024-03-20 22:36:20.975 | tput: No value for $TERM and no -T specified
2024-03-20 22:36:20.977 | tput: No value for $TERM and no -T specified
2024-03-20 22:36:20.981 | tput: No value for $TERM and no -T specified
2024-03-20 22:36:20.986 | tput: No value for $TERM and no -T specified
2024-03-20 22:36:20.989 | tput: No value for $TERM and no -T specified
2024-03-20 22:36:20.995 | tput: No value for $TERM and no -T specified
2024-03-20 22:36:20.998 | tput: No value for $TERM and no -T specified
2024-03-20 22:36:21.005 | tput: No value for $TERM and no -T specified
2024-03-20 22:36:21.005 | +./stack.sh:main:633                       source /opt/stack/devstack/lib/libraries
2024-03-20 22:36:21.010 | tput: No value for $TERM and no -T specified
2024-03-20 22:36:21.010 | tput: No value for $TERM and no -T specified
2024-03-20 22:36:21.015 | tput: No value for $TERM and no -T specified
2024-03-20 22:36:21.017 | tput: No value for $TERM and no -T specified
2024-03-20 22:36:21.023 | tput: No value for $TERM and no -T specified
2024-03-20 22:36:21.028 | tput: No value for $TERM and no -T specified
2024-03-20 22:36:21.030 | tput: No value for $TERM and no -T specified
2024-03-20 22:36:21.035 | tput: No value for $TERM and no -T specified
2024-03-20 22:36:21.044 | tput: No value for $TERM and no -T specified
2024-03-20 22:36:21.050 | tput: No value for $TERM and no -T specified
2024-03-20 22:36:21.050 | +./stack.sh:main:634                       source /opt/stack/devstack/lib/lvm
2024-03-20 22:36:21.054 | tput: No value for $TERM and no -T specified
2024-03-20 22:36:21.056 | tput: No value for $TERM and no -T specified
2024-03-20 22:36:21.060 | tput: No value for $TERM and no -T specified
2024-03-20 22:36:21.061 | tput: No value for $TERM and no -T specified
2024-03-20 22:36:21.065 | tput: No value for $TERM and no -T specified
2024-03-20 22:36:21.069 | tput: No value for $TERM and no -T specified
2024-03-20 22:36:21.072 | tput: No value for $TERM and no -T specified
2024-03-20 22:36:21.076 | tput: No value for $TERM and no -T specified
2024-03-20 22:36:21.080 | tput: No value for $TERM and no -T specified
2024-03-20 22:36:21.085 | tput: No value for $TERM and no -T specified
2024-03-20 22:36:21.086 | +./stack.sh:main:635                       source /opt/stack/devstack/lib/horizon
2024-03-20 22:36:21.088 | tput: No value for $TERM and no -T specified
2024-03-20 22:36:21.090 | tput: No value for $TERM and no -T specified
2024-03-20 22:36:21.092 | tput: No value for $TERM and no -T specified
2024-03-20 22:36:21.095 | tput: No value for $TERM and no -T specified
2024-03-20 22:36:21.099 | tput: No value for $TERM and no -T specified
2024-03-20 22:36:21.104 | tput: No value for $TERM and no -T specified
2024-03-20 22:36:21.105 | tput: No value for $TERM and no -T specified
2024-03-20 22:36:21.109 | tput: No value for $TERM and no -T specified
2024-03-20 22:36:21.113 | tput: No value for $TERM and no -T specified
2024-03-20 22:36:21.117 | tput: No value for $TERM and no -T specified
2024-03-20 22:36:21.117 | +./stack.sh:main:636                       source /opt/stack/devstack/lib/keystone
2024-03-20 22:36:21.120 | tput: No value for $TERM and no -T specified
2024-03-20 22:36:21.121 | tput: No value for $TERM and no -T specified
2024-03-20 22:36:21.124 | tput: No value for $TERM and no -T specified
2024-03-20 22:36:21.127 | tput: No value for $TERM and no -T specified
2024-03-20 22:36:21.131 | tput: No value for $TERM and no -T specified
2024-03-20 22:36:21.135 | tput: No value for $TERM and no -T specified
2024-03-20 22:36:21.137 | tput: No value for $TERM and no -T specified
2024-03-20 22:36:21.141 | tput: No value for $TERM and no -T specified
2024-03-20 22:36:21.169 | tput: No value for $TERM and no -T specified
2024-03-20 22:36:21.174 | tput: No value for $TERM and no -T specified
2024-03-20 22:36:21.175 | +./stack.sh:main:637                       source /opt/stack/devstack/lib/glance
2024-03-20 22:36:21.178 | tput: No value for $TERM and no -T specified
2024-03-20 22:36:21.179 | tput: No value for $TERM and no -T specified
2024-03-20 22:36:21.184 | tput: No value for $TERM and no -T specified
2024-03-20 22:36:21.185 | tput: No value for $TERM and no -T specified
2024-03-20 22:36:21.188 | tput: No value for $TERM and no -T specified
2024-03-20 22:36:21.192 | tput: No value for $TERM and no -T specified
2024-03-20 22:36:21.194 | tput: No value for $TERM and no -T specified
2024-03-20 22:36:21.198 | tput: No value for $TERM and no -T specified
2024-03-20 22:36:21.254 | tput: No value for $TERM and no -T specified
2024-03-20 22:36:21.260 | tput: No value for $TERM and no -T specified
2024-03-20 22:36:21.261 | +./stack.sh:main:638                       source /opt/stack/devstack/lib/nova
2024-03-20 22:36:21.265 | tput: No value for $TERM and no -T specified
2024-03-20 22:36:21.266 | tput: No value for $TERM and no -T specified
2024-03-20 22:36:21.270 | tput: No value for $TERM and no -T specified
2024-03-20 22:36:21.273 | tput: No value for $TERM and no -T specified
2024-03-20 22:36:21.277 | tput: No value for $TERM and no -T specified
2024-03-20 22:36:21.282 | tput: No value for $TERM and no -T specified
2024-03-20 22:36:21.284 | tput: No value for $TERM and no -T specified
2024-03-20 22:36:21.288 | tput: No value for $TERM and no -T specified
2024-03-20 22:36:21.387 | tput: No value for $TERM and no -T specified
2024-03-20 22:36:21.396 | tput: No value for $TERM and no -T specified
2024-03-20 22:36:21.396 | +./stack.sh:main:639                       source /opt/stack/devstack/lib/placement
2024-03-20 22:36:21.400 | tput: No value for $TERM and no -T specified
2024-03-20 22:36:21.401 | tput: No value for $TERM and no -T specified
2024-03-20 22:36:21.407 | tput: tput: No value for $TERM and no -T specified
2024-03-20 22:36:21.407 | No value for $TERM and no -T specified
2024-03-20 22:36:21.412 | tput: No value for $TERM and no -T specified
2024-03-20 22:36:21.417 | tput: No value for $TERM and no -T specified
2024-03-20 22:36:21.420 | tput: No value for $TERM and no -T specified
2024-03-20 22:36:21.424 | tput: No value for $TERM and no -T specified
2024-03-20 22:36:21.442 | tput: No value for $TERM and no -T specified
2024-03-20 22:36:21.447 | tput: No value for $TERM and no -T specified
2024-03-20 22:36:21.447 | +./stack.sh:main:640                       source /opt/stack/devstack/lib/cinder
2024-03-20 22:36:21.451 | tput: No value for $TERM and no -T specified
2024-03-20 22:36:21.452 | tput: No value for $TERM and no -T specified
2024-03-20 22:36:21.455 | tput: No value for $TERM and no -T specified
2024-03-20 22:36:21.457 | tput: No value for $TERM and no -T specified
2024-03-20 22:36:21.461 | tput: No value for $TERM and no -T specified
2024-03-20 22:36:21.465 | tput: No value for $TERM and no -T specified
2024-03-20 22:36:21.466 | tput: No value for $TERM and no -T specified
2024-03-20 22:36:21.471 | tput: No value for $TERM and no -T specified
2024-03-20 22:36:21.508 | tput: No value for $TERM and no -T specified
2024-03-20 22:36:21.513 | tput: No value for $TERM and no -T specified
2024-03-20 22:36:21.513 | +./stack.sh:main:641                       source /opt/stack/devstack/lib/swift
2024-03-20 22:36:21.516 | tput: No value for $TERM and no -T specified
2024-03-20 22:36:21.517 | tput: No value for $TERM and no -T specified
2024-03-20 22:36:21.522 | tput: No value for $TERM and no -T specified
2024-03-20 22:36:21.525 | tput: No value for $TERM and no -T specified
2024-03-20 22:36:21.528 | tput: No value for $TERM and no -T specified
2024-03-20 22:36:21.534 | tput: No value for $TERM and no -T specified
2024-03-20 22:36:21.536 | tput: No value for $TERM and no -T specified
2024-03-20 22:36:21.540 | tput: No value for $TERM and no -T specified
2024-03-20 22:36:21.583 | tput: No value for $TERM and no -T specified
2024-03-20 22:36:21.589 | tput: No value for $TERM and no -T specified
2024-03-20 22:36:21.589 | +./stack.sh:main:642                       source /opt/stack/devstack/lib/neutron
2024-03-20 22:36:21.593 | tput: No value for $TERM and no -T specified
2024-03-20 22:36:21.598 | tput: No value for $TERM and no -T specified
2024-03-20 22:36:21.599 | ++lib/neutron:source:61                     is_service_enabled tls-proxy
2024-03-20 22:36:21.601 | tput: No value for $TERM and no -T specified
2024-03-20 22:36:21.606 | tput: No value for $TERM and no -T specified
2024-03-20 22:36:21.610 | tput: No value for $TERM and no -T specified
2024-03-20 22:36:21.610 | tput: No value for $TERM and no -T specified
2024-03-20 22:36:21.616 | tput: No value for $TERM and no -T specified
2024-03-20 22:36:21.616 | tput: No value for $TERM and no -T specified
2024-03-20 22:36:21.620 | tput: No value for $TERM and no -T specified
2024-03-20 22:36:21.624 | tput: No value for $TERM and no -T specified
2024-03-20 22:36:21.626 | tput: No value for $TERM and no -T specified
2024-03-20 22:36:21.631 | tput: No value for $TERM and no -T specified
2024-03-20 22:36:21.633 | tput: No value for $TERM and no -T specified
2024-03-20 22:36:21.637 | tput: No value for $TERM and no -T specified
2024-03-20 22:36:21.638 | ++functions-common:is_service_enabled:2077  return 1
2024-03-20 22:36:21.640 | tput: No value for $TERM and no -T specified
2024-03-20 22:36:21.645 | tput: No value for $TERM and no -T specified
2024-03-20 22:36:21.645 | ++lib/neutron:source:67                     GITDIR["python-neutronclient"]=/opt/stack/python-neutronclient
2024-03-20 22:36:21.648 | tput: No value for $TERM and no -T specified
2024-03-20 22:36:21.652 | tput: No value for $TERM and no -T specified
2024-03-20 22:36:21.653 | ++lib/neutron:source:70                     NEUTRON_DIR=/opt/stack/neutron
2024-03-20 22:36:21.656 | tput: No value for $TERM and no -T specified
2024-03-20 22:36:21.661 | tput: No value for $TERM and no -T specified
2024-03-20 22:36:21.661 | ++lib/neutron:source:71                     NEUTRON_FWAAS_DIR=/opt/stack/neutron-fwaas
2024-03-20 22:36:21.663 | tput: No value for $TERM and no -T specified
2024-03-20 22:36:21.669 | tput: No value for $TERM and no -T specified
2024-03-20 22:36:21.669 | ++lib/neutron:source:74                     [[ -d /opt/stack/neutron/bin/neutron-server ]]
2024-03-20 22:36:21.674 | tput: No value for $TERM and no -T specified
2024-03-20 22:36:21.680 | tput: No value for $TERM and no -T specified
2024-03-20 22:36:21.680 | +++lib/neutron:source:77                     get_python_exec_prefix
2024-03-20 22:36:21.682 | tput: No value for $TERM and no -T specified
2024-03-20 22:36:21.689 | tput: No value for $TERM and no -T specified
2024-03-20 22:36:21.693 | tput: No value for $TERM and no -T specified
2024-03-20 22:36:21.694 | tput: No value for $TERM and no -T specified
2024-03-20 22:36:21.699 | tput: No value for $TERM and no -T specified
2024-03-20 22:36:21.700 | tput: No value for $TERM and no -T specified
2024-03-20 22:36:21.704 | tput: No value for $TERM and no -T specified
2024-03-20 22:36:21.709 | tput: No value for $TERM and no -T specified
2024-03-20 22:36:21.712 | tput: No value for $TERM and no -T specified
2024-03-20 22:36:21.716 | tput: No value for $TERM and no -T specified
2024-03-20 22:36:21.718 | tput: No value for $TERM and no -T specified
2024-03-20 22:36:21.724 | tput: No value for $TERM and no -T specified
2024-03-20 22:36:21.725 | +++inc/python:get_python_exec_prefix:81      [[ True == \T\r\u\e ]]
2024-03-20 22:36:21.727 | tput: No value for $TERM and no -T specified
2024-03-20 22:36:21.732 | tput: No value for $TERM and no -T specified
2024-03-20 22:36:21.732 | +++inc/python:get_python_exec_prefix:82      echo /opt/stack/data/venv/bin
2024-03-20 22:36:21.735 | tput: No value for $TERM and no -T specified
2024-03-20 22:36:21.742 | tput: No value for $TERM and no -T specified
2024-03-20 22:36:21.743 | ++lib/neutron:source:77                     NEUTRON_BIN_DIR=/opt/stack/data/venv/bin
2024-03-20 22:36:21.744 | tput: No value for $TERM and no -T specified
2024-03-20 22:36:21.750 | tput: No value for $TERM and no -T specified
2024-03-20 22:36:21.750 | ++lib/neutron:source:80                     NEUTRON_CONF_DIR=/etc/neutron
2024-03-20 22:36:21.754 | tput: No value for $TERM and no -T specified
2024-03-20 22:36:21.761 | tput: No value for $TERM and no -T specified
2024-03-20 22:36:21.761 | ++lib/neutron:source:81                     NEUTRON_CONF=/etc/neutron/neutron.conf
2024-03-20 22:36:21.765 | tput: No value for $TERM and no -T specified
2024-03-20 22:36:21.771 | tput: No value for $TERM and no -T specified
2024-03-20 22:36:21.771 | ++lib/neutron:source:82                     export NEUTRON_TEST_CONFIG_FILE=/etc/neutron/debug.ini
2024-03-20 22:36:21.775 | tput: No value for $TERM and no -T specified
2024-03-20 22:36:21.782 | tput: No value for $TERM and no -T specified
2024-03-20 22:36:21.783 | ++lib/neutron:source:82                     NEUTRON_TEST_CONFIG_FILE=/etc/neutron/debug.ini
2024-03-20 22:36:21.787 | tput: No value for $TERM and no -T specified
2024-03-20 22:36:21.795 | tput: No value for $TERM and no -T specified
2024-03-20 22:36:21.795 | +++lib/neutron:source:89                     trueorfalse False NEUTRON_DEPLOY_MOD_WSGI
2024-03-20 22:36:21.798 | tput: No value for $TERM and no -T specified
2024-03-20 22:36:21.806 | tput: No value for $TERM and no -T specified
2024-03-20 22:36:21.811 | tput: No value for $TERM and no -T specified
2024-03-20 22:36:21.812 | tput: No value for $TERM and no -T specified
2024-03-20 22:36:21.818 | tput: No value for $TERM and no -T specified
2024-03-20 22:36:21.819 | tput: No value for $TERM and no -T specified
2024-03-20 22:36:21.824 | tput: No value for $TERM and no -T specified
2024-03-20 22:36:21.828 | tput: No value for $TERM and no -T specified
2024-03-20 22:36:21.831 | tput: No value for $TERM and no -T specified
2024-03-20 22:36:21.835 | tput: No value for $TERM and no -T specified
2024-03-20 22:36:21.838 | tput: No value for $TERM and no -T specified
2024-03-20 22:36:21.845 | tput: No value for $TERM and no -T specified
2024-03-20 22:36:21.845 | ++lib/neutron:source:89                     NEUTRON_DEPLOY_MOD_WSGI=False
2024-03-20 22:36:21.847 | tput: No value for $TERM and no -T specified
2024-03-20 22:36:21.855 | tput: No value for $TERM and no -T specified
2024-03-20 22:36:21.855 | ++lib/neutron:source:91                     NEUTRON_UWSGI_CONF=/etc/neutron/neutron-api-uwsgi.ini
2024-03-20 22:36:21.859 | tput: No value for $TERM and no -T specified
2024-03-20 22:36:21.865 | tput: No value for $TERM and no -T specified
2024-03-20 22:36:21.866 | +++lib/neutron:source:97                     trueorfalse True NEUTRON_ENFORCE_SCOPE
2024-03-20 22:36:21.868 | tput: No value for $TERM and no -T specified
2024-03-20 22:36:21.873 | tput: No value for $TERM and no -T specified
2024-03-20 22:36:21.876 | tput: No value for $TERM and no -T specified
2024-03-20 22:36:21.877 | tput: No value for $TERM and no -T specified
2024-03-20 22:36:21.883 | tput: No value for $TERM and no -T specified
2024-03-20 22:36:21.884 | tput: No value for $TERM and no -T specified
2024-03-20 22:36:21.888 | tput: No value for $TERM and no -T specified
2024-03-20 22:36:21.894 | tput: No value for $TERM and no -T specified
2024-03-20 22:36:21.895 | tput: No value for $TERM and no -T specified
2024-03-20 22:36:21.901 | tput: No value for $TERM and no -T specified
2024-03-20 22:36:21.904 | tput: No value for $TERM and no -T specified
2024-03-20 22:36:21.910 | tput: No value for $TERM and no -T specified
2024-03-20 22:36:21.910 | ++lib/neutron:source:97                     NEUTRON_ENFORCE_SCOPE=True
2024-03-20 22:36:21.912 | tput: No value for $TERM and no -T specified
2024-03-20 22:36:21.918 | tput: No value for $TERM and no -T specified
2024-03-20 22:36:21.918 | ++lib/neutron:source:101                    AGENT_DHCP_BINARY=/opt/stack/data/venv/bin/neutron-dhcp-agent
2024-03-20 22:36:21.921 | tput: No value for $TERM and no -T specified
2024-03-20 22:36:21.926 | tput: No value for $TERM and no -T specified
2024-03-20 22:36:21.927 | ++lib/neutron:source:102                    AGENT_L3_BINARY=/opt/stack/data/venv/bin/neutron-l3-agent
2024-03-20 22:36:21.930 | tput: No value for $TERM and no -T specified
2024-03-20 22:36:21.935 | tput: No value for $TERM and no -T specified
2024-03-20 22:36:21.936 | ++lib/neutron:source:103                    AGENT_META_BINARY=/opt/stack/data/venv/bin/neutron-metadata-agent
2024-03-20 22:36:21.938 | tput: No value for $TERM and no -T specified
2024-03-20 22:36:21.945 | tput: No value for $TERM and no -T specified
2024-03-20 22:36:21.945 | ++lib/neutron:source:107                    Q_DHCP_CONF_FILE=/etc/neutron/dhcp_agent.ini
2024-03-20 22:36:21.948 | tput: No value for $TERM and no -T specified
2024-03-20 22:36:21.955 | tput: No value for $TERM and no -T specified
